raHours	raMins	raSecs	raErrSecs	decDegs	decArcmins	decArcsecs	decErrArcsecs	longitudeDegs	latitudeDegs	nvssStokesIs	stokesIErrs	AvePeakPIs	PIErrs	polarizationPercents	mErrPercents	rotationMeasures	RMErrs
3.0	19.0	23.858400000002288	0.216	31.0	1.0	43.284000000003566	0.216	156.7081380972819	-21.96910321464522	0.0368072435756667	nan	0.0020159031	nan	5.476522423160811	nan	33.777412	0.49198952
3.0	19.0	27.67680000000354	1.836	31.0	21.0	15.155999999994096	1.98	156.51778809244948	-21.695375983744245	0.0065979934976297	nan	0.0004958674	nan	7.510701326628301	nan	58.601063	1.4552824
3.0	20.0	3.0048000000032715	0.07200000000000001	31.0	7.0	33.74400000001174	0.07200000000000001	156.77031734719827	-21.808903579127673	0.1141414072120125	nan	0.00580888	nan	5.089343794857871	nan	75.94589	0.12320466
3.0	20.0	21.420000000001664	0.36000000000000004	31.0	38.0	24.46799999999712	0.324	156.5079345108568	-21.351685462139805	0.0208833215623225	nan	0.0014396785999999998	nan	6.893420287714758	nan	47.79162	0.48620918
3.0	20.0	27.79440000000079	1.224	31.0	56.0	38.867999999991696	1.26	156.33927162926452	-21.090523254083518	0.0042720855807717	nan	0.0006702265	nan	15.683402615145686	nan	44.810696	1.048052
3.0	20.0	44.690400000001056	0.432	31.0	46.0	1.0200000000048703	0.396	156.50141509651797	-21.200519174024745	0.0162804364222603	nan	0.0011281278	nan	6.928547608662412	nan	54.01694499999999	0.62202483
3.0	20.0	45.41520000000325	1.044	31.0	12.0	6.3359999999877905	0.792	156.85567913583543	-21.659537499666246	0.0109176843054599	nan	0.0010236169	nan	9.374455881360287	nan	46.879368	0.6836968000000001
3.0	20.0	55.67760000000376	3.312	31.0	36.0	2.7000000000052182	3.096	156.6388038177002	-21.31341518595761	0.0018201855989933	nan	0.00035457476	nan	19.462628215290774	nan	49.666195	1.741888
3.0	20.0	57.11280000000272	3.132	30.0	56.0	15.288000000001887	1.944	157.05762310588605	-21.850206900818986	0.0043505643057377	nan	0.00036049142	nan	8.282291909429361	nan	54.350895	2.0099947
3.0	20.0	59.3136000000034	1.008	31.0	1.0	39.86400000000515	0.9360000000000002	157.00798853073803	-21.772315062586827	0.011336524639768	nan	0.00032293866	nan	2.844671520755852	nan	45.31178	2.1725087000000003
3.0	20.0	59.89920000000211	1.044	30.0	50.0	54.384000000013096	0.9	157.1222905512297	-21.91687227028883	0.0079461227102929	nan	0.00033932645	nan	4.262155955018619	nan	64.24135600000001	2.5418766
3.0	21.0	0.031200000001376793	6.084	31.0	13.0	16.464000000005967	3.888	156.88910898091504	-21.613420982996832	0.0016530271161955	nan	0.00039808577	nan	24.607785802689857	nan	42.425503000000006	1.9913983
3.0	21.0	13.197600000003431	0.324	30.0	59.0	51.647999999996436	0.28800000000000003	157.07023999172782	-21.767882949110977	0.0270094373056758	nan	0.0010894879	nan	4.033209357761165	nan	52.73574	0.65576845
3.0	21.0	29.16480000000348	0.36000000000000004	30.0	57.0	6.227999999991879	0.612	157.14899132576366	-21.7719498166143	0.0160513262055322	nan	0.0010547882	nan	6.570493538437173	nan	48.591686	0.6582979999999999
3.0	21.0	47.89200000000221	1.224	31.0	53.0	29.00400000000445	2.268	156.6193661532162	-20.969363378632977	0.0039023622343376	nan	0.0006017175599999999	nan	15.413040726958856	nan	51.1612	1.170221
3.0	21.0	48.151200000001786	2.124	31.0	14.0	31.37999999999636	2.34	157.0259225744307	-21.496654640050792	0.0025161829081969	nan	0.00024136648	nan	9.57009829956581	nan	50.628624	2.810168
3.0	22.0	13.747200000001598	0.36000000000000004	31.0	12.0	21.168000000001825	0.36000000000000004	157.1281795815525	-21.472735441998417	0.0170923185609731	nan	0.0006369486	nan	3.72806028137794	nan	49.9847	1.1195483
3.0	22.0	21.84720000000191	1.044	32.0	6.0	30.0600000000054	1.044	156.5886985215445	-20.723099522270573	0.0051092259724209	nan	0.00021128732999999995	nan	4.200516045662525	nan	34.036564	3.3378282
3.0	22.0	28.53600000000171	0.504	29.0	41.0	43.29599999999033	0.504	158.13245946668792	-22.663673154223382	0.0090245340518069	nan	0.00027439036	nan	3.086879597967561	nan	20.020407	2.572608
3.0	22.0	34.98000000000225	0.648	28.0	58.0	31.8719999999982	0.7200000000000001	158.61571159183345	-23.22996403835596	0.0087510275725166	nan	0.0005022212	nan	5.7355883840425275	nan	26.235601000000006	1.4145119
3.0	22.0	35.112000000001515	3.0239999999999996	29.0	8.0	0.9959999999904312	2.628	158.51413887451392	-23.102400872787513	0.0018341753185162	nan	0.00030179153	nan	16.42715540446265	nan	75.279434	2.3367467
3.0	22.0	35.692800000002755	0.10799999999999997	31.0	12.0	1.2600000000009004	0.10799999999999997	157.1997909559325	-21.43143882233079	0.0475145341119908	nan	0.0013025713	nan	2.741163776976023	nan	42.193104	0.55164415
3.0	22.0	43.92000000000166	0.036000000000000004	29.0	33.0	54.17999999999779	0.07200000000000001	158.2646751994174	-22.73583590477956	0.1094995763500801	nan	0.0009695574	nan	0.8853095121472812	nan	16.960531	0.7118561999999999
3.0	22.0	58.27440000000181	3.06	31.0	3.0	51.04800000000125	2.16	157.35570719126187	-21.494474987827875	0.0019628999334974	nan	0.0003484811	nan	17.734447015397606	nan	65.95874	1.8966885
3.0	23.0	7.94640000000271	0.972	29.0	11.0	58.63199999999807	1.152	158.5760484563851	-22.978372200907437	0.0052092319461649	nan	0.00020503545	nan	3.643184028292119	nan	22.678974	3.242579
3.0	23.0	19.96800000000121	0.28800000000000003	28.0	54.0	27.287999999997798	0.432	158.80317160494243	-23.18705609269029	0.0179937229002958	nan	0.0010939968	nan	6.0790990004369165	nan	17.563622	0.6549206
3.0	23.0	20.512800000002326	0.036000000000000004	32.0	9.0	51.192000000000924	0.036000000000000004	156.7334683584185	-20.55693279069987	0.1607429533597332	nan	0.0034616117	nan	2.1534774290745715	nan	82.64536	0.20498915
3.0	23.0	25.01520000000326	0.504	30.0	1.0	8.112000000004969	0.5399999999999999	158.103518359357	-22.28205789658141	0.0102097885726285	nan	0.00038572593	nan	3.774300890456935	nan	19.270973	1.8173814
3.0	23.0	26.5488000000034	4.5360000000000005	29.0	2.0	49.235999999988	3.6	158.7338186229809	-23.06077029305104	0.0010914199510882	nan	0.00024764915	nan	22.66351771195128	nan	60.94877	2.8704107000000003
3.0	23.0	26.86800000000176	0.18000000000000002	29.0	22.0	48.28799999999831	0.14400000000000002	158.51967405612962	-22.792371091067253	0.0403135056447067	nan	0.0016688958	nan	4.1395683105909375	nan	12.847766	0.42140946
3.0	23.0	29.385600000003443	0.10799999999999997	29.0	17.0	7.8720000000063814	0.10799999999999997	158.58865488156377	-22.86296194668395	0.0493316748188404	nan	0.0009439125	nan	1.9130803379355985	nan	0.8413539000000001	0.7502289000000001
3.0	23.0	35.16240000000195	2.9880000000000004	28.0	56.0	43.15200000000857	5.472	158.8270999403048	-23.123725897564558	0.0017928580851725	nan	0.00050065387	nan	27.889850813632002	nan	32.41803400000001	2.0564787
3.0	23.0	37.23120000000165	0.4680000000000001	30.0	4.0	35.3640000000118	0.396	158.10503551561246	-22.209576373789353	0.0126129902581537	nan	0.0007429533	nan	5.888773247243522	nan	29.526655	0.96006024
3.0	23.0	37.87440000000202	0.28800000000000003	29.0	34.0	34.535999999991986	0.28800000000000003	158.42810151825128	-22.610866559839987	0.0189815486410968	nan	0.00040932678	nan	2.154506875639962	nan	17.01606	1.73981
3.0	23.0	45.23760000000337	2.8080000000000003	31.0	44.0	59.17200000000577	0.972	157.0688486288546	-20.84150583744316	0.0051925616408984	nan	0.0005338548	nan	10.275921629584117	nan	31.815825	1.3071896
3.0	23.0	46.27200000000258	1.152	29.0	23.0	3.1559999999853967	1.548	158.5784286915046	-22.747146666721505	0.0045391407814383	nan	0.0005676321499999999	nan	12.499794197001355	nan	16.057575	1.2152815
3.0	23.0	53.635200000002214	2.4840000000000004	31.0	45.0	17.424000000005435	3.3480000000000003	157.09142203396382	-20.81992275242125	0.0028742188632406	nan	0.00025932616	nan	9.004335193571665	nan	22.942665	2.6044261000000004
3.0	23.0	54.48720000000279	0.612	28.0	54.0	13.355999999988056	0.5760000000000001	158.9155883658124	-23.115052672270288	0.0097394412567989	nan	0.0003440075700000001	nan	3.527531889424541	nan	56.17135	2.0899978
3.0	24.0	9.528000000002947	5.652	30.0	6.0	7.452000000004375	3.6719999999999993	158.18987447387687	-22.119918647493588	0.0321653574335777	nan	0.0009042868	nan	2.810842942773671	nan	56.457607	0.79044884
3.0	24.0	11.04240000000189	0.10799999999999997	30.0	6.0	2.7000000000052182	0.10799999999999997	158.19546166629812	-22.11773865246178	0.0408540909517391	nan	0.001075264	nan	2.6316130716660084	nan	53.283504	0.6637403000000001
3.0	24.0	11.095200000002878	0.07200000000000001	31.0	5.0	28.895999999993194	0.07200000000000001	157.5640842628706	-21.31944849557909	0.0952307540680409	nan	0.0008892749000000002	nan	0.9336373590815656	nan	70.849396	0.7891368000000001
3.0	24.0	12.105600000003419	1.152	29.0	22.0	15.887999999997078	0.972	158.6685782993459	-22.701800347325722	0.0060473201230006	nan	0.00043497368	nan	7.1863686443835535	nan	15.851020000000002	1.7409343999999998
3.0	24.0	15.261600000003313	0.612	29.0	34.0	51.31200000000918	0.5399999999999999	158.54301178247457	-22.526505683600305	0.009887815696313	nan	0.00031653987	nan	3.196571953678463	nan	22.61089	2.2335787
3.0	24.0	18.12000000000168	0.7200000000000001	30.0	42.0	15.515999999985581	0.7200000000000001	157.83182426800948	-21.616695387998835	0.0291227416568497	nan	0.0011485957	nan	3.943516083884523	nan	51.28159	0.627501
3.0	24.0	19.723200000001953	0.14400000000000002	30.0	42.0	5.795999999995445	0.14400000000000002	157.83852233504732	-21.615469143234638	0.0398557865340141	nan	0.0015754142	nan	3.952533840704478	nan	52.64757	0.4584281
3.0	24.0	23.536800000002533	3.168	30.0	52.0	34.96799999999098	4.212	157.7390958328551	-21.46654646884004	0.0098999368556527	nan	0.00035344044000000003	nan	3.579029171532897	nan	39.67677	1.9283152
3.0	24.0	24.573600000002074	6.516000000000001	29.0	49.0	41.19599999999565	3.6	158.41301191791348	-22.30788172449804	0.001816727380498	nan	0.00029713276	nan	16.31904213937541	nan	72.161835	2.736049
3.0	24.0	25.36320000000202	0.396	30.0	52.0	23.124000000004514	0.36000000000000004	157.7468451744237	-21.46533170922069	0.0148741611799037	nan	0.0004472434	nan	3.0047472290993196	nan	42.201866	1.5336493
3.0	24.0	33.972000000003106	0.5399999999999999	31.0	41.0	0.0959999999886918	0.504	157.2600661128713	-20.793530050664828	0.0155532111327884	nan	0.0012364038	nan	7.9487007971914565	nan	27.209064	0.5804331
3.0	24.0	39.33600000000169	0.7200000000000001	31.0	42.0	3.707999999997753	0.7200000000000001	157.26534211960316	-20.768043748701075	0.0109012889930362	nan	0.0005982191700000001	nan	5.485222340100247	nan	29.675201	1.2092668
3.0	24.0	40.48320000000217	0.828	31.0	28.0	44.68799999999903	0.828	157.4090777729339	-20.944784302250408	0.0098244658942206	nan	0.00051313674	nan	5.220151507624594	nan	45.368946	1.3684016
3.0	24.0	40.572000000001786	1.656	30.0	6.0	34.48799999999125	1.62	158.282154963206	-22.047350453579725	0.0021654955077957	nan	0.00032267647	nan	14.88439253477654	nan	37.604088	1.9269009
3.0	24.0	41.93280000000314	1.6920000000000002	28.0	44.0	32.49599999999248	1.9080000000000001	159.17148186857642	-23.14059762581521	0.0029756257285185	nan	0.0004660931	nan	15.653149701793485	nan	35.52494	1.507241
3.0	24.0	46.21920000000287	0.9	29.0	59.0	19.212000000009372	0.7559999999999999	158.37752786787485	-22.132347156846237	0.0053380292386167	nan	0.0013779218	nan	25.811414251778263	nan	36.406006	0.4922846
3.0	24.0	46.49520000000308	4.968000000000001	30.0	49.0	43.607999999993865	4.248	157.84048447160714	-21.456232184154565	0.010035792388444	nan	0.00034065812000000004	nan	3.3902391574940487	nan	51.536552	2.0400045
3.0	24.0	48.304800000001926	0.396	30.0	49.0	41.66400000000351	0.396	157.84642933608905	-21.452826431394172	0.0145608355112948	nan	0.0005462419	nan	3.7509203500623634	nan	52.368637	1.277525
3.0	24.0	55.02960000000186	0.10799999999999997	28.0	42.0	16.919999999996374	0.10799999999999997	159.23768988573937	-23.141980191114783	0.0568883302214831	nan	0.0032385283	nan	5.692689058997086	nan	-41.470215	0.22047675
3.0	24.0	58.17120000000124	6.228	29.0	22.0	9.731999999999914	9.684	158.81502153519446	-22.603222584482676	0.0004212547861057	nan	0.00021264148	nan	49.91635748840343	nan	68.53305999999999	3.7138765
3.0	24.0	59.74800000000272	0.216	28.0	45.0	12.132000000001142	0.216	159.22088014568178	-23.092715875079797	0.0283209584489265	nan	0.0003026361	nan	1.0668491475991624	nan	43.315563	2.3454485000000003
3.0	25.0	1.4088000000029408	1.0799999999999998	32.0	10.0	35.65199999999322	0.9	157.03314088792078	-20.337976387765785	0.0048712082729758	nan	0.00041184915	nan	8.461192228331994	nan	19.691303	1.6841162
3.0	25.0	10.123200000002797	0.036000000000000004	31.0	28.0	36.33599999999547	0.036000000000000004	157.50146753457375	-20.88436242771317	0.2304931820555395	nan	0.027068967000000003	nan	11.743908135575195	nan	28.370295	0.026800664
3.0	25.0	11.683200000001932	3.708	28.0	44.0	3.264000000012004	3.0239999999999996	159.27125940072975	-23.0817927985883	0.0017637430950415	nan	0.000346886	nan	19.64233308776024	nan	11.125509	2.0810559
3.0	25.0	12.076800000002383	2.52	28.0	59.0	13.344000000014093	2.016	159.10747712277472	-22.878878960015196	0.0023393807729974	nan	0.00022235535	nan	9.479963892880294	nan	43.826855	2.971824
3.0	25.0	15.062400000001047	6.0120000000000005	29.0	5.0	31.05599999998816	5.111999999999999	159.04855913021615	-22.788447167882566	0.0005583408995488	nan	0.00019519184	nan	34.93984457675822	nan	62.327133	2.7666042
3.0	25.0	16.574400000002857	3.5639999999999996	29.0	49.0	53.399999999994066	3.96	158.57380281086694	-22.193013659940032	0.0017502659558748	nan	0.00034145167000000003	nan	20.50158624900312	nan	46.179394	2.973946
3.0	25.0	17.481600000001762	0.612	31.0	17.0	11.867999999995787	0.5399999999999999	157.64469081671308	-21.022002783565647	0.0113475751564157	nan	0.00035842814	nan	3.15518622588845	nan	27.203108	1.9176736
3.0	25.0	35.294400000000785	0.612	29.0	1.0	34.75200000000683	0.612	159.1552327035341	-22.79663592304973	0.0081299160681817	nan	0.00108779	nan	13.378476651092553	nan	24.602392	0.63623834
3.0	25.0	42.290400000001966	0.36000000000000004	30.0	6.0	22.247999999994192	0.324	158.476866585058	-21.917344236752392	0.0144385879972458	nan	0.0006924853	nan	4.794578415018254	nan	28.290134	1.0230142
3.0	25.0	42.38400000000225	1.224	29.0	9.0	59.2559999999898	1.26	159.0862160325317	-22.66914669802248	0.0046128122390697	nan	0.00047792098	nan	10.531867468904435	nan	22.081966	1.5264218
3.0	25.0	44.16960000000394	1.152	31.0	58.0	51.095999999986645	1.0799999999999998	157.28641195884344	-20.406684679418774	0.0051167839904292	nan	0.00028368706	nan	5.532413437361359	nan	16.710455	2.68187
3.0	25.0	50.827200000002364	0.9360000000000002	29.0	8.0	45.49200000000695	0.9360000000000002	159.1261704358059	-22.66703481683879	0.0065418406993056	nan	0.0009634518	nan	14.725112583837532	nan	14.550175	0.74498224
3.0	25.0	59.07360000000396	1.3319999999999999	31.0	29.0	7.0079999999981615	1.8	157.6458797294544	-20.774318476713773	0.0049606144334815	nan	0.00039358367	nan	7.926638961703168	nan	23.760372	1.7891058000000002
3.0	26.0	0.5496000000026413	0.5399999999999999	28.0	45.0	18.467999999991488	0.504	159.41239015609716	-22.957561197864308	0.0114610423332461	nan	0.00027737446	nan	2.4281589541062134	nan	25.997507	2.527556
3.0	26.0	4.382400000002703	0.5399999999999999	32.0	10.0	13.368000000005507	0.5399999999999999	157.2280371133655	-20.211714210352756	0.0091940027903698	nan	0.0005042957	nan	5.497529922086687	nan	68.29209	1.5218248
3.0	26.0	5.637600000002293	1.3319999999999999	28.0	58.0	6.275999999995179	1.152	159.2888116103407	-22.776267192772604	0.0041021173021641	nan	0.00030528806	nan	7.429769954509302	nan	27.497583	2.3730621
3.0	26.0	7.857600000003941	0.828	30.0	10.0	29.244000000005602	0.8639999999999999	158.51214062067643	-21.80723994281868	0.0065023250602777	nan	0.0005694849	nan	8.881546947758856	nan	24.150707	1.2524246
3.0	26.0	17.860800000003394	5.4	31.0	27.0	23.83200000000329	2.772	157.72151079513893	-20.757644918877627	0.0238392843158439	nan	0.0006844058	nan	2.869978507599852	nan	32.20207	1.0470768
3.0	26.0	19.300800000003235	0.252	31.0	27.0	17.675999999993337	0.216	157.72699738171352	-20.75597190701153	0.0299317978607908	nan	0.0009101751	nan	3.0402690546579194	nan	33.87937	0.7868045
3.0	26.0	20.188800000002654	4.14	29.0	5.0	3.552000000006217	3.06	159.2588604969766	-22.65183904825137	0.0020025229472048	nan	0.0003591514	nan	17.914348806960522	nan	34.07297	1.9670372
3.0	26.0	21.208800000001347	7.523999999999999	29.0	4.0	57.57599999998945	5.1480000000000015	159.26315530066574	-22.650922090225663	0.0018607049915126	nan	0.00026218523	nan	14.062394331597107	nan	37.52665	2.5987318
3.0	26.0	22.63680000000271	0.9	29.0	21.0	47.9520000000059	1.152	159.08444307665673	-22.42387370567345	0.005950304032204001	nan	0.00052812893	nan	8.870667460127732	nan	34.20536	1.3774347
3.0	26.0	31.56720000000249	2.16	28.0	46.0	28.740000000004216	2.052	159.49759138310526	-22.87355256155063	0.0025122727871542	nan	0.00034568054	nan	13.73827871700835	nan	30.23385	2.2898476000000003
3.0	27.0	7.504800000002376	1.476	29.0	48.0	55.25999999999527	2.8080000000000003	158.93032912168124	-21.965182226539923	0.0046582212058188	nan	0.0005114126	nan	10.978571205356907	nan	15.281948000000002	1.536551
3.0	27.0	10.864800000003711	0.07200000000000001	29.0	1.0	21.395999999988078	0.07200000000000001	159.45856114745288	-22.58940901587875	0.0768892204987854	nan	0.004295703	nan	5.5868255570392815	nan	20.549303	0.1668932
3.0	27.0	12.962400000002745	0.4680000000000001	29.0	42.0	23.364000000008215	0.432	159.0181350454319	-22.04009878447124	0.0172475081115502	nan	0.00027473335	nan	1.5896921797044796	nan	41.139507	2.6001506
3.0	27.0	16.087200000001474	0.216	29.0	54.0	26.964000000010056	0.28800000000000003	158.89711373215724	-21.872975852175273	0.0312633764281523	nan	0.00092490035	nan	2.9578871686139796	nan	26.5859	0.77248985
3.0	27.0	20.306400000001194	6.5520000000000005	31.0	48.0	13.572000000000346	5.292000000000001	157.69044291570728	-20.346857828122577	0.0053736735131937	nan	0.0004991558	nan	9.283623506905423	nan	35.610188	1.3858976
3.0	27.0	20.436000000001822	5.796	31.0	48.0	30.52799999999792	7.776	157.68783642444617	-20.34280540950137	0.0061027299717788	nan	0.00066743675	nan	10.933167913890452	nan	37.34995	1.0409883
3.0	27.0	21.926400000000825	0.972	31.0	48.0	15.264000000013027	0.828	157.69505154758022	-20.343055659393144	0.0068871902878672	nan	0.00041277916	nan	6.0781464536789205	nan	33.099133	1.7370801
3.0	27.0	22.852800000002414	0.5760000000000001	31.0	10.0	4.547999999994089	0.504	158.10445702620137	-20.8510255115461	0.0115121159027277	nan	0.00025422618	nan	2.250895651623645	nan	51.124153	2.8528917000000003
3.0	27.0	29.745600000003236	0.504	30.0	14.0	49.380000000005566	0.4680000000000001	158.71910958942055	-21.572341033145342	0.0133433444152387	nan	0.0016977842000000002	nan	12.723142145754798	nan	34.380287	0.42427173
3.0	27.0	39.516000000002116	0.10799999999999997	31.0	24.0	9.288000000001377	0.10799999999999997	158.00491903297225	-20.627607052816558	0.0660850679471071	nan	0.0018906612	nan	2.8608081738796867	nan	29.342117	0.40980527
3.0	27.0	42.19680000000274	0.324	30.0	11.0	40.7759999999962	0.324	158.79153622716643	-21.58711714740053	0.0396775432172139	nan	0.002082591	nan	5.248589939378887	nan	32.506440000000005	0.35178503
3.0	27.0	44.22000000000267	0.5760000000000001	30.0	56.0	58.271999999998904	0.5760000000000001	158.31006210280154	-20.979996500413684	0.0132782238714572	nan	0.0005423705	nan	4.1241257955116	nan	50.748184	1.5402303999999998
3.0	27.0	45.499200000002425	0.14400000000000002	29.0	3.0	57.70799999999213	0.14400000000000002	159.53865303130272	-22.478370342337712	0.0608441471565745	nan	0.0011557671	nan	1.899336402960046	nan	7.3921800000000015	0.61656773
3.0	28.0	3.6072000000011433	0.8639999999999999	30.0	58.0	39.39599999999473	0.792	158.35124774993332	-20.915905001235476	0.0081443408908758	nan	0.00026187216000000003	nan	3.2076406213025157	nan	44.59000800000001	2.8490808
3.0	28.0	3.856800000002352	3.8160000000000003	29.0	20.0	43.25999999999937	4.68	159.41266606777566	-22.21588354599638	0.0024065902593254	nan	0.00030754297000000003	nan	12.758492626101331	nan	6.031395400000001	2.3368716
3.0	28.0	6.823200000003028	0.07200000000000001	29.0	26.0	38.904000000003116	0.07200000000000001	159.35716053057845	-22.13083414847521	0.1978510855764719	nan	0.0063008363	nan	3.184618566374634	nan	26.503754	0.11504466
3.0	28.0	22.572000000002816	1.26	29.0	0.0	5.975999999991188	1.476	159.69702924946384	-22.44733762806305	0.0078075319514445	nan	0.0006122585	nan	7.838293402735755	nan	9.5767355	1.2445393
3.0	28.0	23.793600000004105	2.52	29.0	0.0	18.68400000000889	2.2319999999999998	159.69852297799716	-22.441826526262265	0.0068554332691143	nan	0.0005258173	nan	7.665562366553953	nan	4.446896	1.409529
3.0	28.0	25.14000000000365	2.2319999999999998	30.0	42.0	48.7079999999952	2.16	158.58752868285987	-21.080257700311503	0.0027917580093354	nan	0.00040007354	nan	14.314063779509615	nan	44.256733	1.9667774
3.0	28.0	26.71200000000276	2.8080000000000003	29.0	1.0	5.304000000008955	3.312	159.69911265622733	-22.42507865781319	0.0036783870243291	nan	0.0002910985	nan	7.8998835420593245	nan	5.0181336	2.4309118
3.0	28.0	27.523200000002532	1.5119999999999998	30.0	53.0	30.479999999999727	1.584	158.4796294336264	-20.932925479626746	0.004222796493549	nan	0.00026851150000000004	nan	6.3451120685200895	nan	58.283092	2.6672022
3.0	28.0	29.07120000000319	0.252	28.0	58.0	53.435999999987594	0.252	159.7306350590346	-22.448885357761803	0.0285699401956161	nan	0.00051394943	nan	1.8045827175830764	nan	37.412426	1.453107
3.0	28.0	30.300000000002285	6.0120000000000005	30.0	50.0	45.240000000001146	3.708	158.51775298835008	-20.963549159974	0.0211741224563531	nan	0.0024845966	nan	11.733682450298732	nan	51.359005	0.28631422
3.0	28.0	31.56720000000206	3.168	30.0	50.0	45.13200000000524	1.836	158.52164399028632	-20.96083842616326	0.0266187940847255	nan	0.0029278826	nan	10.998997945005991	nan	51.18486	0.24236684
3.0	28.0	33.309600000002604	0.28800000000000003	30.0	50.0	39.48000000000178	0.504	158.5279814103478	-20.95832986180769	0.0266422488472595	nan	0.0024071322	nan	9.034682509243368	nan	51.317165	0.29495022
3.0	28.0	36.06720000000266	0.07200000000000001	29.0	21.0	55.94400000001031	0.07200000000000001	159.49973139696434	-22.12876019531581	0.271421354068287	nan	0.021258384	nan	7.832236300848399	nan	29.214005	0.03388425
3.0	28.0	38.109600000003574	0.18000000000000002	30.0	50.0	9.59999999999468	0.28800000000000003	158.54800750295522	-20.95458483911924	0.0611022030504394	nan	0.011407509	nan	18.669361553811008	nan	51.189194	0.062151324
3.0	28.0	40.36320000000202	0.07200000000000001	30.0	49.0	54.19200000000245	0.07200000000000001	158.5576572946922	-20.953129724457373	0.0970036911096106	nan	0.018416977	nan	18.98573573987355	nan	50.811924	0.038319428
3.0	28.0	43.09920000000247	0.18000000000000002	31.0	39.0	12.527999999993824	0.18000000000000002	158.0369699852095	-20.291386089720856	0.0307558532653823	nan	0.00031294164	nan	1.0984172444159872	nan	81.77724	2.3813837
3.0	28.0	52.23840000000095	1.8	29.0	30.0	33.33599999999137	2.16	159.45561207532788	-21.97900444961329	0.0076145771615616	nan	0.00025086696	nan	3.287089192814564	nan	14.833607	2.765027
3.0	28.0	55.36800000000184	2.412	29.0	31.0	43.42799999999812	2.052	159.45254149296466	-21.956649735048007	0.0061404914203924	nan	0.00075507007	nan	12.293749657213711	nan	18.711405	0.8772673000000001
3.0	29.0	10.641600000004061	0.7200000000000001	31.0	31.0	53.939999999996644	0.612	158.19840675641908	-20.329807641816767	0.007769244104250998	nan	0.00060849224	nan	7.828749605357139	nan	42.925426	1.1748345
3.0	29.0	11.736000000003555	3.5639999999999996	31.0	0.0	3.6720000000016735	3.132	158.54383312611628	-20.75046611413278	0.0016283801167903	nan	0.00017100506	nan	10.403461001156405	nan	53.184303	3.93981
3.0	29.0	20.308800000002805	1.476	31.0	6.0	44.49599999999606	1.548	158.4979266706437	-20.64328042007676	0.0037987227439304	nan	0.0004973243299999999	nan	13.082944825954769	nan	45.12872700000001	1.5170709999999998
3.0	29.0	30.87120000000198	2.196	31.0	22.0	8.580000000005157	3.312	158.36425533890474	-20.41604672728203	0.0020782427247305	nan	0.00018312529	nan	9.543488246329806	nan	72.88199	3.9685688
3.0	29.0	41.78160000000182	1.476	31.0	33.0	46.00800000000021	1.4040000000000001	158.27237143027338	-20.238251966629342	0.0031031117074737	nan	0.0001999826	nan	6.422365428625102	nan	50.70359000000001	3.4066598
3.0	29.0	59.104800000001056	11.772000000000002	30.0	36.0	22.320000000004253	4.392	158.9442591793005	-20.96166401835709	0.0031181962203892	nan	0.00029453204	nan	9.429838322549859	nan	33.409813	2.3632126
3.0	29.0	59.94960000000405	1.8	30.0	36.0	37.79999999999376	1.9080000000000001	158.94403532219212	-20.95640811903632	0.0043787392640245	nan	0.0003844864	nan	8.77196125818649	nan	35.0655	1.8375039
3.0	30.0	3.662400000002037	5.688	30.0	32.0	55.968000000001716	7.02	158.99549405898614	-20.997221895598926	0.0037303420748347	nan	0.00022588766	nan	6.037711530239358	nan	21.14425	3.1336575
3.0	30.0	3.830400000002925	8.316	30.0	33.0	16.991999999998768	6.731999999999998	158.99220107258975	-20.992220175823622	0.0027386577968513	nan	0.00019294077	nan	7.017250871792093	nan	18.369112	3.6427302
3.0	30.0	4.869600000002804	4.896	31.0	11.0	46.75200000000018	5.5440000000000005	158.57868968913573	-20.480253144529165	0.0004144390478388	nan	0.0004326628	nan	98.87630965877348	nan	18.961977	3.659546100000001
3.0	30.0	5.164800000001009	5.652	30.0	33.0	5.184000000010941	3.24	158.99840855612845	-20.991910331648786	0.0183039223515719	nan	0.00071783445	nan	3.924400526865184	nan	30.616493	0.9859811
3.0	30.0	5.716800000001428	0.9360000000000002	30.0	36.0	14.112000000008036	0.828	158.96590079557453	-20.949053951015237	0.0086507930770873	nan	0.00033797129999999995	nan	3.901698052730188	nan	33.415092	2.0942867
3.0	30.0	7.9416000000020395	1.4040000000000001	30.0	32.0	52.90799999998967	1.5119999999999998	159.00909998180578	-20.988553418744498	0.1204440943897751	nan	0.0041775545	nan	3.470950301095216	nan	34.6484	0.17040344
3.0	30.0	9.105600000001887	0.07200000000000001	30.0	32.0	49.739999999994495	0.07200000000000001	159.01322338170627	-20.986709721458727	0.1362244665001441	nan	0.0047030067	nan	3.454879305123346	nan	34.9246	0.15143664
3.0	30.0	9.66240000000127	2.376	31.0	24.0	33.840000000005546	2.376	158.45538116922526	-20.3004337144855	0.0020572424199125	nan	0.0003983146	nan	19.338679196403557	nan	2.6460364	1.9854978
3.0	30.0	18.333600000002974	3.96	30.0	55.0	34.5359999999971	4.896	158.79459430696454	-20.665680021779302	0.0008733479425211	nan	0.00014639164	nan	16.666261301227134	nan	-0.73266274	4.358555
3.0	30.0	19.228800000000206	1.224	31.0	46.0	21.539999999995413	1.296	158.24986017970784	-19.99079708283498	0.0046748573505849	nan	0.00030561027	nan	6.526530204830111	nan	6.861953	2.3480859
3.0	30.0	24.588000000001106	0.972	31.0	47.0	16.0800000000026	0.828	158.25617984139387	-19.96724778568223	0.0058847271565781	nan	0.0008288255	nan	14.081142029195654	nan	14.912435	0.87641144
3.0	30.0	36.91200000000201	1.4400000000000002	31.0	52.0	25.212000000002213	1.296	158.2378012575459	-19.87249311004664	0.0035909350355781	nan	0.00023969276	nan	6.656054734160107	nan	-2.0923562	3.0799553
3.0	30.0	38.77680000000197	4.356	31.0	30.0	45.90000000000175	4.032	158.47628113260083	-20.15550587794957	0.0007816145856746	nan	0.00023733874	nan	29.522703563095398	nan	16.324728	2.888616
3.0	30.0	40.97520000000401	6.2639999999999985	30.0	11.0	30.73200000000554	4.4639999999999995	159.34278136209699	-21.1983874938103	0.0017827740692393	nan	0.00020806985	nan	11.619487996507551	nan	29.723274	3.859053
3.0	30.0	57.67920000000473	6.8039999999999985	31.0	34.0	4.835999999990862	3.132	158.49734415990415	-20.070840462971876	0.0011318754174901	nan	0.00017787589	nan	15.791692139157849	nan	33.8143	3.9287004
3.0	31.0	0.11280000000127187	0.9	31.0	22.0	5.267999999989853	0.9	158.6340887955264	-20.22428805554567	0.0047731878152902	nan	0.00021719655	nan	4.53281089206636	nan	23.443678	3.5978568
3.0	31.0	10.759200000004084	1.9080000000000001	31.0	39.0	5.472000000005154	1.8720000000000003	158.4825604287001	-19.9763139187374	0.0029193693169476	nan	0.00023495425	nan	8.023130514814339	nan	9.39862	3.233206
3.0	31.0	11.323200000002984	0.5760000000000001	32.0	3.0	30.311999999993304	0.504	158.2215976861043	-19.651821791196934	0.0102551208632164	nan	0.0004360091	nan	4.721084662283529	nan	24.229614	2.0291417000000003
3.0	31.0	13.22880000000076	0.252	31.0	55.0	17.039999999994393	0.216	158.3156146753984	-19.75663342885339	0.0235735373663359	nan	0.001159399	nan	4.917582624910188	nan	48.17495	0.62138414
3.0	31.0	17.9400000000021	1.152	30.0	47.0	31.487999999994827	1.1159999999999999	159.0626306347763	-20.64215999653489	0.0726040403920616	nan	0.00067481614	nan	0.8989832892236845	nan	53.984215	1.0780324
3.0	31.0	19.094400000002093	0.07200000000000001	30.0	47.0	26.627999999999762	0.07200000000000001	159.0670076310199	-20.64070455378437	0.0830032150619277	nan	0.0007722787599999999	nan	0.9007046035256572	nan	54.16967800000001	0.9420522
3.0	31.0	22.26960000000318	0.972	31.0	3.0	26.099999999999284	0.9	158.9028348738647	-20.422703463052358	0.0043609567750492	nan	0.000322898	nan	7.392312095077347	nan	27.631788	2.3246377000000003
3.0	31.0	33.31920000000309	0.504	31.0	51.0	10.655999999985397	0.504	158.41978855544897	-19.767790450660996	0.0114744176412922	nan	0.00028555240000000003	nan	2.4837809365000045	nan	53.922523	2.5482283
3.0	31.0	38.31120000000382	1.5119999999999998	31.0	54.0	26.244000000011734	1.3319999999999999	158.3995704755789	-19.71392418639345	0.0038375091692808	nan	0.0004405386	nan	11.469427247914956	nan	42.547523	1.7311772
3.0	31.0	39.206400000001054	7.3439999999999985	30.0	40.0	33.49199999999826	3.888	159.20292501648166	-20.687451263987416	0.0088948321160251	nan	0.0006566320699999999	nan	7.379578828737979	nan	30.350515	1.0882623
3.0	31.0	39.44400000000229	7.596000000000001	30.0	40.0	18.80400000000435	5.436	159.2063146461127	-20.69015605814824	0.0085317004633446	nan	0.00066226674	nan	7.759678868942464	nan	31.606945	1.0716676
3.0	31.0	40.471200000003684	0.5399999999999999	30.0	40.0	31.620000000005174	0.4680000000000001	159.20709614069636	-20.68508751690178	0.0107122951766672	nan	0.00076288753	nan	7.119721657801247	nan	30.563246000000003	0.94337994
3.0	31.0	54.25920000000289	0.036000000000000004	31.0	4.0	41.30400000000435	0.036000000000000004	158.985645710009	-20.336417228790047	0.1528187660085657	nan	0.00024608383	nan	0.1746814170144263	nan	0.9342431	2.9177618
3.0	32.0	7.910400000002369	1.368	30.0	26.0	5.027999999993824	1.4400000000000002	159.4481166802066	-20.814857074304324	0.0037551994790553	nan	0.00016956262999999998	nan	4.529535652791717	nan	45.94278	4.122267
3.0	32.0	10.795200000002296	1.6920000000000002	30.0	39.0	43.9920000000049	1.7279999999999998	159.3075321381121	-20.62892895504568	0.002344697502582	nan	0.00023709399	nan	10.085618232720284	nan	47.395042	2.952233
3.0	32.0	15.93360000000473	3.528	31.0	45.0	27.64800000000207	3.42	158.60861274544737	-19.75138662437168	0.0358597263206142	nan	0.0006246706	nan	1.741262299729053	nan	52.043163	1.1607857
3.0	32.0	17.96400000000205	0.10799999999999997	31.0	45.0	21.492000000004907	0.14400000000000002	158.61577538577978	-19.74834943104205	0.0500965836362026	nan	0.0021906605	nan	4.372730870007201	nan	50.211605	0.33157548
3.0	32.0	25.23600000000343	0.14400000000000002	31.0	5.0	12.335999999993419	0.14400000000000002	159.0732051561171	-20.261924303271233	0.0290317487886868	nan	0.0017370535	nan	5.996017837156249	nan	48.734623	0.41696116
3.0	32.0	35.935200000004244	6.192	31.0	50.0	16.080000000005153	7.056	158.61620795421032	-19.644685070907347	0.0019394978061179	nan	0.00017581811999999998	nan	9.48862685491644	nan	74.38410999999998	4.1611996
3.0	32.0	40.089600000003	0.5760000000000001	31.0	51.0	43.56000000000592	0.36000000000000004	158.61279720817151	-19.6164650756334	0.0183559372118415	nan	0.0036021718	nan	19.623625926489847	nan	64.12156999999999	0.20203263
3.0	32.0	40.20240000000257	1.584	31.0	51.0	10.835999999991374	0.432	158.6190310307819	-19.623415497067853	0.0117456594663722	nan	0.0027611328	nan	23.507199411416106	nan	64.93348	0.26323026
3.0	32.0	40.30800000000156	1.044	31.0	50.0	1.607999999990284	0.9	158.63182504636643	-19.638406192124464	0.0100855294590025	nan	0.00023662316000000005	nan	2.3393313377483507	nan	56.74048000000001	3.1260312000000003
3.0	32.0	41.98320000000379	0.07200000000000001	30.0	20.0	8.304000000005374	0.10799999999999997	159.6166276677017	-20.81764745668775	0.1123294360026319	nan	0.0023006534	nan	2.0480754739545683	nan	34.854336	0.30095518
3.0	32.0	43.080000000001924	8.568000000000001	31.0	50.0	57.04800000000176	8.676	158.63007361987925	-19.620220727887077	0.0033918688989551	nan	0.0006457408299999999	nan	19.03066194351072	nan	70.254776	1.1324768
3.0	32.0	45.590400000002795	3.708	31.0	24.0	47.087999999990025	1.8	158.92124388262943	-19.959633732935828	0.0031518476906565	nan	0.00018089106	nan	5.713636378420537	nan	47.369877	3.8665183
3.0	32.0	53.762400000002096	0.36000000000000004	31.0	43.0	13.224000000013518	0.396	158.74555756302567	-19.698987480795	0.0157319791502457	nan	0.0016651897	nan	10.584022229152499	nan	47.983276	0.42385936
3.0	33.0	0.8784000000021308	0.9	31.0	20.0	18.38400000000746	0.9	159.015653416373	-19.98523858253111	0.0053742380026053	nan	0.00021286144	nan	3.946936667480792	nan	15.148098999999998	3.429978
3.0	33.0	5.99760000000316	0.252	30.0	52.0	44.65200000000806	0.252	159.33172433532837	-20.33640937268841	0.0160593129112413	nan	0.0006464976999999999	nan	4.024269750417182	nan	44.63757	1.0897276000000002
3.0	33.0	8.647200000002611	1.044	30.0	50.0	48.40799999999632	1.0799999999999998	159.36088641953506	-20.356026528860873	0.0046286897655163	nan	0.00023168097	nan	4.9898183552294	nan	66.94268000000001	3.2243433
3.0	33.0	17.733600000003094	2.6639999999999997	30.0	47.0	20.76000000000448	2.268	159.42610376935642	-20.38144543599604	0.0016088209360729	nan	0.00015264076	nan	9.683039672597568	nan	39.42310300000001	4.3150487
3.0	33.0	23.481600000004192	0.5399999999999999	31.0	50.0	9.564000000008832	0.5760000000000001	158.7586515296222	-19.543090236667105	0.0092467058548341	nan	0.00028991964	nan	3.129680530062956	nan	66.18866	2.4720726
3.0	33.0	30.513600000004004	0.648	30.0	6.0	21.779999999999124	0.612	159.9154048666779	-20.89035403028473	0.0097390354205423	nan	0.0006048469	nan	6.207976853589543	nan	37.9822	1.1632843000000002
3.0	33.0	30.68640000000258	0.432	31.0	17.0	58.66800000000183	0.432	159.13009109667655	-19.950667301531325	0.0126133868576886	nan	0.0006226179	nan	4.934094622266804	nan	22.006262	1.1694895
3.0	33.0	50.918400000002315	0.8639999999999999	30.0	23.0	2.435999999987075	0.828	159.79313200864837	-20.626566832072832	0.0071366360871832	nan	0.0001995604	nan	2.7846212547130693	nan	32.582592	3.7406614
3.0	33.0	51.61200000000164	0.252	30.0	31.0	12.792000000006853	0.252	159.7052116392209	-20.51801345018877	0.0221187993749415	nan	0.00033530628	nan	1.5208363357036117	nan	50.11386	2.155746
3.0	33.0	53.53200000000314	1.368	31.0	13.0	13.367999999995275	1.62	159.25021815097432	-19.96300694096333	0.0040276987387832	nan	0.00021789603	nan	5.389901877888423	nan	36.290054	3.5273595
3.0	33.0	55.466400000003226	1.044	29.0	48.0	3.5640000000083205	0.972	160.1936551733041	-21.073876390417414	0.0048587261770979	nan	0.00033341267	nan	6.853778286036848	nan	21.398558	2.0211868
3.0	33.0	57.50880000000095	1.836	30.0	23.0	42.359999999997626	1.6920000000000002	159.8056737124795	-20.603194326750838	0.0034102808788798	nan	0.00028618504	nan	8.3771653402041	nan	36.429276	2.419212
3.0	34.0	1.8408000000023603	0.14400000000000002	31.0	18.0	39.852000000003045	0.14400000000000002	159.21554209088475	-19.87335485783916	0.0429318316065228	nan	0.0028752647	nan	6.697074052437402	nan	31.290052000000006	0.25153154
3.0	34.0	5.359200000003455	2.016	30.0	30.0	9.215999999996427	2.196	159.75826805650794	-20.501348908437517	0.0034262671636293	nan	0.00043152194	nan	12.584285625336342	nan	36.990555	1.6442108
3.0	34.0	11.023200000003472	0.792	30.0	23.0	8.735999999991577	0.9	159.85258839245182	-20.580438358027532	0.0070079936061444	nan	0.00024033831	nan	3.4200196283742934	nan	19.0372	3.0472047000000004
3.0	34.0	11.774400000001464	0.324	31.0	0.0	24.69599999998593	0.28800000000000003	159.44496515279837	-20.090863285902078	0.0189813638549254	nan	0.0008202016499999999	nan	4.320095872772376	nan	29.162504	0.8728564
3.0	34.0	15.820800000002606	1.296	30.0	44.0	50.10000000000389	1.4400000000000002	159.62811338081434	-20.285949188870557	0.0039444895223204	nan	0.00032013573	nan	8.103802629939418	nan	72.11828	2.2426598
3.0	34.0	17.04960000000341	0.036000000000000004	31.0	12.0	10.547999999994602	0.036000000000000004	159.33183660816562	-19.925038669356294	0.1481271416032819	nan	0.007551996999999999	nan	5.098222914262582	nan	28.040113	0.09712051
3.0	34.0	18.667200000003987	0.9	30.0	51.0	16.992000000001322	0.612	159.5657740248999	-20.195215927812274	0.0133338766957607	nan	0.0011260516	nan	8.443953527138518	nan	22.634365	0.62179
3.0	34.0	19.25760000000338	0.396	30.0	51.0	2.6279999999951547	0.432	159.57017202016456	-20.19704435334125	0.0140355300972801	nan	0.0013204479	nan	9.406963793042475	nan	22.880836	0.5357390999999999
3.0	34.0	40.545600000002366	1.944	30.0	36.0	54.935999999997314	2.16	159.78946703629057	-20.334661645872227	0.0027744416342617	nan	0.00015874513	nan	6.0885384867752945	nan	55.568714	4.601957
3.0	34.0	48.744000000001925	0.36000000000000004	31.0	6.0	52.704000000005074	0.36000000000000004	159.48437538260947	-19.924559374911574	0.0159254596266238	nan	0.0006105550599999999	nan	3.8322423557245098	nan	45.471836	1.1811626
3.0	34.0	57.057600000003106	0.18000000000000002	30.0	49.0	25.355999999994197	0.216	159.7010940237098	-20.13447654401369	0.0368715618601013	nan	0.0016188002	nan	4.390068660024683	nan	52.903446	0.43273953
3.0	35.0	5.306400000002043	0.07200000000000001	30.0	47.0	6.827999999994745	0.07200000000000001	159.75118615267127	-20.146328552285574	0.0859838499401448	nan	0.0013331614000000002	nan	1.5505550878962655	nan	29.932302000000004	0.5293465
3.0	35.0	6.876000000002308	0.10799999999999997	30.0	47.0	5.892000000004599	0.252	159.75604943757403	-20.14304397343381	0.0730778459248724	nan	0.0010330504	nan	1.4133748125949552	nan	26.94453	0.68316734
3.0	35.0	8.707200000004178	0.612	29.0	52.0	41.41200000000282	0.612	160.36407926673647	-20.84870680794313	0.0094785180990585	nan	0.00073034316	nan	7.703172840084893	nan	30.624697	0.9479281
3.0	35.0	8.966400000002038	0.10799999999999997	30.0	1.0	5.052000000005705	0.10799999999999997	160.2715334511719	-20.738763368311925	0.0600687665788892	nan	0.0017746945	nan	2.9542810029984845	nan	28.930996	0.39750776
3.0	35.0	12.13680000000096	0.28800000000000003	30.0	47.0	5.02799999999894	0.28800000000000003	159.77192899674102	-20.131537267508318	0.0274554725012237	nan	0.0012385263	nan	4.510574862216809	nan	45.880867	0.5722316
3.0	35.0	27.631200000005265	0.828	30.0	23.0	55.9320000000082	0.9	160.07418778215197	-20.399075711787482	0.0075997843560656	nan	0.00074796384	nan	10.031505507029726	nan	45.85872	0.95408154
3.0	35.0	30.384000000002946	0.07200000000000001	30.0	32.0	24.14400000000427	0.07200000000000001	159.98865956332145	-20.282475996080308	0.0930126534760437	nan	0.011613493	nan	12.485781248022494	nan	28.713114	0.06016684
3.0	35.0	30.367200000004004	0.252	30.0	46.0	41.95200000000284	0.252	159.83061478446544	-20.095997137868427	0.027088872865544	nan	0.0034156	nan	12.608542940958348	nan	47.12593	0.20791309
3.0	35.0	30.44400000000195	0.252	30.0	37.0	28.739999999996538	0.252	159.93269390684975	-20.216128861982966	0.0269443965645294	nan	0.0026696967	nan	9.907882616414053	nan	28.64346	0.26122707
3.0	35.0	33.14880000000102	2.772	31.0	34.0	30.864000000003106	3.888	159.3131347772155	-19.465072088643552	0.0120253896707434	nan	0.00051767996	nan	4.3017509949002735	nan	55.361645	1.5679618999999998
3.0	35.0	33.74160000000373	0.7200000000000001	31.0	34.0	16.64400000000427	0.8639999999999999	159.3174826023663	-19.46686836137621	0.0127451332080677	nan	0.0005933511	nan	4.652852060616378	nan	53.307194	1.3736275
3.0	35.0	42.888000000001504	0.324	30.0	19.0	12.612000000003436	0.36000000000000004	160.17230266047503	-20.426407486876528	0.0187256567686518	nan	0.00038671235	nan	2.070774399166704	nan	35.73296	1.8266584
3.0	36.0	48.196800000000046	0.7200000000000001	29.0	58.0	38.74799999999368	0.7559999999999999	160.5972103720785	-20.54644603111186	0.0083851266081073	nan	0.00066979666	nan	7.985185134634523	nan	28.247377	1.0582969
3.0	37.0	15.94800000000376	0.648	31.0	14.0	57.659999999999066	1.476	159.83176885793603	-19.492658022588813	0.0142347607604064	nan	0.0011770084	nan	8.267643981058976	nan	79.384865	0.60637075
3.0	37.0	21.981600000003	8.244	30.0	0.0	44.42400000000646	6.444	160.6750260191269	-20.442670396232245	0.038758130071425013	nan	0.0020083173	nan	5.181422883855637	nan	23.87312	0.35797223
3.0	37.0	23.54640000000302	0.14400000000000002	30.0	0.0	49.139999999994195	0.216	160.67882955607254	-20.438100047508843	0.0439702294771938	nan	0.0026828502	nan	6.1013867234356605	nan	24.921059	0.26710194
3.0	37.0	30.319200000003267	0.28800000000000003	29.0	40.0	4.2959999999908405	0.252	160.93177188370785	-20.69124919474532	0.0247624624532684	nan	0.0015346934	nan	6.197021544472535	nan	26.87598	0.5567861
3.0	37.0	49.840800000000904	0.14400000000000002	31.0	15.0	14.975999999995793	0.14400000000000002	159.92844722687173	-19.41335837246653	0.0719649414988956	nan	0.0022221592	nan	3.0877010984777202	nan	92.02243	0.31316698
3.0	37.0	51.86880000000173	0.07200000000000001	30.0	56.0	1.1400000000003274	0.036000000000000004	160.14766771198896	-19.658501984954988	0.1949019409626346	nan	0.016244961000000002	nan	8.334934868158445	nan	55.16720600000001	0.043544415
3.0	38.0	0.3000000000018588	0.10799999999999997	31.0	6.0	10.512000000003637	0.10799999999999997	160.05981782320958	-19.50780975799508	0.1178654366834879	nan	0.0012327597	nan	1.0457926686499288	nan	63.25374	0.5669225999999999
3.0	38.0	27.264000000002536	7.488000000000001	30.0	53.0	3.660000000004686	5.976000000000001	160.28507236151228	-19.617342312188253	0.0109765752348318	nan	0.00049806497	nan	4.5349147452304335	nan	61.899967	1.3779473999999998
3.0	39.0	41.71920000000398	0.504	30.0	50.0	53.3759999999873	0.504	160.52855680580075	-19.477439214844875	0.0153452534405105	nan	0.0005193077400000001	nan	3.3820943151663374	nan	68.98555	1.4296658000000002
3.0	11.0	27.56	0.04	32.0	36.0	17.8	0.6	154.2513	-21.616999999999997	216.6	7.5	3.79	0.28	1.98	0.15	-35.9	16.1
3.0	11.0	35.17	0.03	30.0	43.0	20.9	0.6	155.4005	-23.1712	965.6	29.0	7.22	0.33	0.76	0.03	9.9	10.0
3.0	11.0	45.61	0.03	30.0	6.0	19.4	0.6	155.8091	-23.6628	303.2	10.6	4.59	0.31	1.65	0.11	14.8	14.4
3.0	11.0	49.43	0.03	28.0	30.0	52.0	0.6	156.8019	-24.9715	143.5	4.3	6.67	0.29	5.01	0.22	0.6	8.9
3.0	12.0	15.74	0.04	31.0	26.0	42.2	0.6	155.0955	-22.49	121.7	4.4	4.51	0.34	4.03	0.3	-4.7	12.3
3.0	13.0	34.35	0.04	29.0	1.0	54.6	0.6	156.8272	-24.3281	101.8	3.6	4.85	0.25	5.31	0.27	-4.0	10.9
3.0	13.0	41.05	0.04	30.0	22.0	59.9	0.6	156.0142	-23.1996	92.1	3.3	5.02	0.28	4.55	0.25	11.5	12.4
3.0	13.0	44.64	0.04	30.0	22.0	42.0	0.6	156.0288	-23.1965	94.4	3.4	7.82	0.27	7.76	0.27	4.8	7.6
3.0	14.0	1.59	0.04	30.0	30.0	51.4	0.6	156.0002	-23.0499	141.2	4.3	8.6	0.29	6.36	0.21	10.9	7.1
3.0	14.0	49.79	0.04	29.0	44.0	58.8	0.6	156.6275	-23.5818	167.4	5.8	9.53	0.26	6.27	0.17	43.0	5.7
3.0	15.0	45.25	0.04	31.0	56.0	40.3	0.7	155.4582	-21.6604	89.3	3.0	6.4	0.29	9.98	0.45	40.7	10.1
3.0	15.0	48.15	0.04	32.0	39.0	11.4	0.6	155.0389	-21.0689	129.7	3.9	3.96	0.3	3.09	0.23	32.9	16.6
3.0	15.0	52.05	0.04	32.0	6.0	14.9	0.6	155.3827	-21.515	224.8	7.9	4.76	0.31	2.32	0.15	4.3	13.3
3.0	16.0	18.37	0.04	32.0	4.0	43.0	0.6	155.4806	-21.4836	310.1	10.7	6.04	0.32	2.12	0.11	14.0	11.3
3.0	16.0	21.63	0.04	31.0	24.0	38.4	0.6	155.8981	-22.0276	614.2	18.4	5.22	0.27	0.89	0.05	17.3	12.0
3.0	16.0	36.26	0.03	27.0	39.0	2.4	0.6	158.3018	-25.0751	181.0	5.4	4.26	0.28	2.47	0.16	-15.7	13.2
3.0	17.0	21.97	0.03	29.0	4.0	41.9	0.6	157.5422	-23.8149	181.1	5.4	5.23	0.31	2.37	0.14	9.1	11.5
3.0	17.0	31.98	0.04	32.0	9.0	17.6	0.6	155.664	-21.2736	84.4	3.0	4.06	0.28	5.18	0.36	2.7	13.9
3.0	18.0	19.01	0.04	33.0	8.0	57.4	0.6	155.205	-20.3614	47.4	1.8	4.39	0.24	9.51	0.52	55.2	12.3
3.0	18.0	27.0	0.04	28.0	26.0	23.8	0.6	158.1599	-24.1964	153.6	5.3	4.7	0.26	5.29	0.29	20.6	11.4
3.0	18.0	35.04	0.03	28.0	16.0	0.8	0.6	158.297	-24.3196	322.9	11.2	18.55	0.29	5.36	0.08	22.0	3.4
3.0	18.0	38.11	0.03	28.0	15.0	18.2	0.6	158.3147	-24.3226	486.9	17.0	19.85	0.28	4.31	0.06	9.1	3.3
3.0	19.0	20.91	0.04	32.0	59.0	20.3	0.6	155.4919	-20.3702	280.3	9.8	6.65	0.22	2.62	0.09	34.6	6.9
3.0	19.0	34.38	0.04	33.0	27.0	25.8	0.6	155.2484	-19.9589	65.0	2.0	2.98	0.22	4.62	0.34	-0.4	16.5
3.0	19.0	38.26	0.03	29.0	8.0	28.6	0.6	157.9428	-23.4752	504.9	15.2	10.01	0.27	1.99	0.05	26.4	5.3
3.0	19.0	42.15	0.04	30.0	41.0	26.1	0.6	156.9768	-22.2071	169.7	5.1	4.95	0.25	3.01	0.15	40.5	12.5
3.0	19.0	58.73	0.04	32.0	33.0	30.9	0.6	155.871	-20.6472	61.9	1.9	7.35	0.44	12.72	0.76	35.9	14.9
3.0	20.0	2.28	0.04	29.0	41.0	15.7	0.6	157.6724	-22.9808	162.2	4.9	4.08	0.27	2.65	0.18	59.2	14.6
3.0	20.0	11.16	0.04	33.0	21.0	1.2	0.6	155.425	-19.9735	317.1	10.4	40.63	0.26	16.12	0.1	22.6	1.3
3.0	20.0	35.33	0.06	30.0	43.0	4.5	0.9	157.1271	-22.0742	47.1	2.1	6.24	0.32	18.22	0.93	40.1	11.2
3.0	23.0	28.01	0.04	27.0	6.0	0.4	0.7	160.0138	-24.6164	57.3	2.1	3.36	0.26	7.49	0.58	26.0	15.0
3.0	25.0	21.56	0.05	33.0	43.0	2.6	0.8	156.1319	-19.0499	43.9	1.7	7.23	0.36	19.93	0.99	2.4	11.1
3.0	26.0	35.56	0.04	28.0	6.0	27.6	0.6	159.9499	-23.3952	106.2	3.2	6.17	0.32	6.12	0.32	46.8	10.2
3.0	28.0	33.93	0.04	33.0	42.0	21.6	0.6	156.7077	-18.6655	165.3	5.0	8.42	0.39	5.29	0.25	56.8	8.9
3.0	29.0	17.96	0.04	33.0	40.0	38.6	0.6	156.8551	-18.5975	123.7	4.8	10.45	0.6	10.06	0.58	29.9	11.6
3.0	30.0	9.53	0.03	28.0	39.0	9.0	0.6	160.2624	-22.4845	266.9	8.0	7.4	0.28	2.87	0.11	6.5	7.8
3.0	30.0	27.27	0.04	30.0	3.0	53.0	0.6	159.3842	-21.3292	443.1	13.9	12.69	0.34	4.15	0.11	28.1	5.7
3.0	31.0	41.62	0.03	28.0	40.0	45.1	0.6	160.5311	-22.2558	170.7	5.9	5.17	0.29	3.43	0.19	19.9	12.3
3.0	32.0	20.44	0.04	29.0	32.0	59.0	0.6	160.0708	-21.4842	145.6	5.1	4.92	0.29	3.71	0.22	33.0	12.1
3.0	32.0	56.06	0.03	27.0	42.0	12.6	0.6	161.4203	-22.8494	450.3	15.7	20.47	0.3	4.92	0.07	38.7	3.0
3.0	33.0	54.49	0.03	27.0	18.0	5.5	0.6	161.8768	-23.0269	274.7	8.2	7.05	0.25	2.64	0.09	14.0	8.0
3.0	35.0	8.88	0.03	27.0	33.0	36.6	0.6	161.9314	-22.6527	135.1	4.8	5.9	0.25	4.69	0.2	17.6	9.0
3.0	36.0	30.12	0.04	32.0	18.0	29.2	0.6	158.9997	-18.7651	2676.6	80.3	43.62	0.31	1.74	0.01	34.3	1.5
3.0	36.0	31.4	0.05	26.0	52.0	21.7	0.8	162.6612	-22.9898	35.0	1.4	3.33	0.27	11.43	0.93	39.2	18.6
3.0	37.0	16.39	0.04	29.0	25.0	13.0	0.6	161.0569	-20.9152	88.4	3.4	3.99	0.33	6.4	0.53	-6.5	16.3
3.0	37.0	37.26	0.04	32.0	8.0	2.6	0.7	159.3098	-18.7543	96.6	3.6	6.89	0.35	9.69	0.49	175.4	11.5
3.0	37.0	38.74	0.04	33.0	42.0	30.7	0.6	158.2849	-17.5172	55.5	2.1	6.79	0.44	12.65	0.82	117.3	11.8
3.0	39.0	27.43	0.03	27.0	5.0	20.9	0.6	163.0547	-22.4047	202.7	6.1	6.11	0.28	3.44	0.16	33.5	9.1
3.0	39.0	37.66	0.04	32.0	54.0	32.7	0.6	159.1475	-17.8849	84.5	3.0	4.27	0.27	5.37	0.34	126.8	16.0
3.0	39.0	57.33	0.03	29.0	33.0	42.0	0.6	161.4436	-20.4359	371.0	13.1	7.87	0.27	2.24	0.08	6.6	8.5
3.0	40.0	8.54	0.04	32.0	9.0	1.3	0.6	159.7379	-18.4072	1611.6	50.5	53.05	0.34	5.15	0.03	200.0	1.3
3.0	41.0	9.99	0.04	33.0	52.0	22.1	0.6	158.7765	-16.9328	356.5	10.7	4.28	0.33	1.05	0.08	56.5	19.2
3.0	42.0	5.65	0.04	30.0	20.0	33.8	0.6	161.2923	-19.5389	94.0	2.8	4.92	0.24	5.78	0.28	19.2	10.8
3.0	43.0	0.86	0.04	34.0	6.0	34.1	0.6	158.9316	-16.5077	453.5	13.6	8.65	0.36	2.06	0.09	138.1	11.0
3.0	43.0	2.16	0.04	29.0	25.0	32.1	0.6	162.085	-20.1105	47.7	1.5	3.37	0.28	7.44	0.62	29.4	17.4
3.0	43.0	13.71	0.04	31.0	14.0	54.7	0.6	160.8767	-18.6871	276.6	9.4	13.7	0.49	5.45	0.19	39.9	6.8
3.0	45.0	59.73	0.04	29.0	35.0	12.8	0.6	162.4949	-19.5701	55.6	2.1	10.0	0.31	18.95	0.59	50.1	6.8
