raHours	raMins	raSecs	raErrSecs	decDegs	decArcmins	decArcsecs	decErrArcsecs	longitudeDegs	latitudeDegs	nvssStokesIs	stokesIErrs	AvePeakPIs	PIErrs	polarizationPercents	mErrPercents	rotationMeasures	RMErrs
3.0	19.0	23.85840000000229	0.21599999999999997	31.0	1.0	43.28400000000357	0.21599999999999997	156.7081380972819	-21.96910321464522	0.0368072435756667	nan	0.0020159031	nan	5.476522423160811	nan	33.777412	0.49198952
3.0	19.0	27.67680000000354	1.8359999999999996	31.0	21.0	15.155999999994094	1.9800000000000002	156.51778809244948	-21.695375983744245	0.0065979934976297	nan	0.0004958674	nan	7.510701326628301	nan	58.601063	1.4552824
3.0	20.0	3.0048000000032715	0.07200000000000001	31.0	7.0	33.74400000001174	0.07200000000000001	156.77031734719827	-21.808903579127673	0.1141414072120125	nan	0.00580888	nan	5.089343794857871	nan	75.94589	0.12320466
3.0	20.0	21.420000000001664	0.36000000000000004	31.0	38.0	24.46799999999712	0.324	156.5079345108568	-21.351685462139805	0.0208833215623225	nan	0.0014396785999999998	nan	6.893420287714758	nan	47.79162	0.48620918
3.0	20.0	27.794400000000792	1.224	31.0	56.0	38.867999999991696	1.26	156.33927162926454	-21.09052325408352	0.0042720855807717	nan	0.0006702265	nan	15.683402615145686	nan	44.810696	1.048052
3.0	20.0	44.69040000000106	0.43199999999999994	31.0	46.0	1.0200000000048703	0.396	156.50141509651795	-21.200519174024745	0.0162804364222603	nan	0.0011281278	nan	6.928547608662412	nan	54.01694499999999	0.62202483
3.0	20.0	45.41520000000325	1.044	31.0	12.0	6.335999999987791	0.792	156.85567913583543	-21.659537499666243	0.0109176843054599	nan	0.0010236169	nan	9.374455881360289	nan	46.879368	0.6836968000000001
3.0	20.0	55.677600000003764	3.312	31.0	36.0	2.7000000000052182	3.096	156.6388038177002	-21.31341518595761	0.0018201855989933	nan	0.00035457476	nan	19.462628215290774	nan	49.666195	1.741888
3.0	20.0	57.11280000000272	3.1319999999999997	30.0	56.0	15.288000000001887	1.944	157.05762310588605	-21.85020690081899	0.0043505643057377	nan	0.00036049142	nan	8.282291909429361	nan	54.350894999999994	2.0099947
3.0	20.0	59.31360000000339	1.008	31.0	1.0	39.86400000000515	0.9360000000000002	157.00798853073803	-21.772315062586827	0.011336524639768	nan	0.00032293866	nan	2.8446715207558517	nan	45.31178	2.1725087000000003
3.0	20.0	59.89920000000211	1.044	30.0	50.0	54.38400000001309	0.9	157.1222905512297	-21.91687227028883	0.0079461227102929	nan	0.00033932645	nan	4.262155955018619	nan	64.24135600000001	2.5418766
3.0	21.0	0.031200000001376793	6.084	31.0	13.0	16.464000000005967	3.888	156.88910898091504	-21.613420982996832	0.0016530271161955	nan	0.00039808577	nan	24.60778580268986	nan	42.425503000000006	1.9913983
3.0	21.0	13.197600000003433	0.324	30.0	59.0	51.64799999999644	0.28800000000000003	157.0702399917278	-21.767882949110977	0.0270094373056758	nan	0.0010894879	nan	4.033209357761165	nan	52.73574	0.65576845
3.0	21.0	29.16480000000348	0.36000000000000004	30.0	57.0	6.22799999999188	0.612	157.14899132576366	-21.7719498166143	0.0160513262055322	nan	0.0010547882000000001	nan	6.570493538437173	nan	48.591685999999996	0.6582979999999999
3.0	21.0	47.89200000000221	1.224	31.0	53.0	29.004000000004453	2.2680000000000002	156.6193661532162	-20.969363378632977	0.0039023622343376	nan	0.0006017175599999999	nan	15.413040726958856	nan	51.1612	1.170221
3.0	21.0	48.15120000000178	2.124	31.0	14.0	31.379999999996357	2.34	157.0259225744307	-21.496654640050792	0.0025161829081969	nan	0.00024136647999999997	nan	9.57009829956581	nan	50.628624	2.810168
3.0	22.0	13.747200000001598	0.36000000000000004	31.0	12.0	21.168000000001825	0.36000000000000004	157.1281795815525	-21.472735441998417	0.0170923185609731	nan	0.0006369486	nan	3.72806028137794	nan	49.9847	1.1195483
3.0	22.0	21.847200000001905	1.044	32.0	6.0	30.060000000005402	1.044	156.5886985215445	-20.723099522270573	0.0051092259724209	nan	0.00021128732999999995	nan	4.200516045662525	nan	34.036564	3.3378282
3.0	22.0	28.536000000001707	0.504	29.0	41.0	43.29599999999033	0.504	158.1324594666879	-22.66367315422338	0.0090245340518069	nan	0.00027439036	nan	3.086879597967561	nan	20.020407000000002	2.5726080000000002
3.0	22.0	34.98000000000225	0.648	28.0	58.0	31.871999999998195	0.7200000000000001	158.61571159183345	-23.22996403835596	0.0087510275725166	nan	0.0005022212	nan	5.735588384042527	nan	26.235601000000003	1.4145119
3.0	22.0	35.112000000001515	3.024	29.0	8.0	0.9959999999904312	2.6279999999999997	158.5141388745139	-23.10240087278751	0.0018341753185162	nan	0.00030179153	nan	16.42715540446265	nan	75.279434	2.3367467
3.0	22.0	35.69280000000276	0.10799999999999998	31.0	12.0	1.2600000000009004	0.10799999999999998	157.1997909559325	-21.43143882233079	0.0475145341119908	nan	0.0013025713	nan	2.741163776976023	nan	42.193104	0.55164415
3.0	22.0	43.920000000001664	0.036000000000000004	29.0	33.0	54.17999999999779	0.07200000000000001	158.2646751994174	-22.73583590477956	0.1094995763500801	nan	0.0009695574	nan	0.8853095121472812	nan	16.960531	0.7118561999999999
3.0	22.0	58.274400000001805	3.0599999999999996	31.0	3.0	51.04800000000125	2.1599999999999997	157.35570719126187	-21.494474987827875	0.0019628999334974	nan	0.0003484811	nan	17.734447015397603	nan	65.95874	1.8966884999999998
3.0	23.0	7.946400000002711	0.972	29.0	11.0	58.63199999999807	1.1520000000000001	158.57604845638508	-22.978372200907433	0.0052092319461649	nan	0.00020503545	nan	3.643184028292119	nan	22.678974	3.242579
3.0	23.0	19.96800000000121	0.28800000000000003	28.0	54.0	27.287999999997794	0.43199999999999994	158.80317160494243	-23.187056092690295	0.0179937229002958	nan	0.0010939968	nan	6.0790990004369165	nan	17.563622	0.6549206
3.0	23.0	20.51280000000233	0.036000000000000004	32.0	9.0	51.19200000000092	0.036000000000000004	156.7334683584185	-20.55693279069987	0.1607429533597332	nan	0.0034616116999999997	nan	2.1534774290745715	nan	82.64536	0.20498915
3.0	23.0	25.01520000000326	0.504	30.0	1.0	8.112000000004969	0.5399999999999999	158.103518359357	-22.28205789658141	0.0102097885726285	nan	0.00038572593	nan	3.774300890456935	nan	19.270973	1.8173814
3.0	23.0	26.548800000003396	4.5360000000000005	29.0	2.0	49.235999999987996	3.6	158.73381862298086	-23.06077029305104	0.0010914199510882	nan	0.00024764915	nan	22.66351771195128	nan	60.948769999999996	2.8704107000000003
3.0	23.0	26.868000000001757	0.18000000000000002	29.0	22.0	48.287999999998306	0.14400000000000002	158.51967405612965	-22.79237109106725	0.0403135056447067	nan	0.0016688958	nan	4.1395683105909375	nan	12.847766	0.42140946
3.0	23.0	29.385600000003436	0.10799999999999998	29.0	17.0	7.872000000006381	0.10799999999999998	158.58865488156374	-22.86296194668395	0.0493316748188404	nan	0.0009439125	nan	1.9130803379355985	nan	0.8413539000000001	0.7502289000000001
3.0	23.0	35.16240000000195	2.9880000000000004	28.0	56.0	43.15200000000857	5.4719999999999995	158.8270999403048	-23.123725897564558	0.0017928580851725	nan	0.00050065387	nan	27.889850813632002	nan	32.418034000000006	2.0564787
3.0	23.0	37.23120000000165	0.4680000000000001	30.0	4.0	35.3640000000118	0.396	158.10503551561246	-22.20957637378935	0.0126129902581537	nan	0.0007429533	nan	5.888773247243522	nan	29.526654999999998	0.96006024
3.0	23.0	37.874400000002026	0.28800000000000003	29.0	34.0	34.535999999991986	0.28800000000000003	158.42810151825128	-22.61086655983999	0.0189815486410968	nan	0.00040932678	nan	2.154506875639962	nan	17.01606	1.7398099999999999
3.0	23.0	45.23760000000337	2.808	31.0	44.0	59.17200000000577	0.972	157.0688486288546	-20.841505837443158	0.0051925616408984	nan	0.0005338548	nan	10.275921629584117	nan	31.815825	1.3071896
3.0	23.0	46.27200000000258	1.1520000000000001	29.0	23.0	3.155999999985397	1.548	158.5784286915046	-22.747146666721505	0.0045391407814383	nan	0.0005676321499999999	nan	12.499794197001355	nan	16.057575	1.2152815000000001
3.0	23.0	53.635200000002214	2.4840000000000004	31.0	45.0	17.424000000005435	3.3480000000000003	157.09142203396382	-20.81992275242125	0.0028742188632406	nan	0.00025932616	nan	9.004335193571665	nan	22.942664999999998	2.6044261000000004
3.0	23.0	54.48720000000279	0.612	28.0	54.0	13.355999999988057	0.5760000000000001	158.9155883658124	-23.11505267227029	0.0097394412567989	nan	0.00034400757000000007	nan	3.527531889424541	nan	56.17135	2.0899978
3.0	24.0	9.528000000002947	5.652	30.0	6.0	7.452000000004375	3.6719999999999993	158.18987447387687	-22.119918647493588	0.0321653574335777	nan	0.0009042868	nan	2.810842942773671	nan	56.457606999999996	0.79044884
3.0	24.0	11.04240000000189	0.10799999999999998	30.0	6.0	2.7000000000052182	0.10799999999999998	158.19546166629812	-22.11773865246178	0.0408540909517391	nan	0.001075264	nan	2.6316130716660084	nan	53.283504	0.6637403000000001
3.0	24.0	11.095200000002876	0.07200000000000001	31.0	5.0	28.895999999993194	0.07200000000000001	157.56408426287058	-21.31944849557909	0.0952307540680409	nan	0.0008892749000000001	nan	0.9336373590815656	nan	70.849396	0.7891368000000001
3.0	24.0	12.10560000000342	1.1520000000000001	29.0	22.0	15.887999999997078	0.972	158.6685782993459	-22.701800347325722	0.0060473201230006	nan	0.00043497367999999995	nan	7.1863686443835535	nan	15.851020000000002	1.7409343999999998
3.0	24.0	15.261600000003313	0.612	29.0	34.0	51.312000000009164	0.5399999999999999	158.54301178247457	-22.526505683600302	0.009887815696313	nan	0.00031653987	nan	3.196571953678463	nan	22.610889999999998	2.2335787
3.0	24.0	18.12000000000168	0.7200000000000001	30.0	42.0	15.515999999985581	0.7200000000000001	157.83182426800948	-21.616695387998835	0.0291227416568497	nan	0.0011485957	nan	3.943516083884523	nan	51.28159	0.627501
3.0	24.0	19.723200000001953	0.14400000000000002	30.0	42.0	5.795999999995445	0.14400000000000002	157.83852233504732	-21.61546914323464	0.0398557865340141	nan	0.0015754142	nan	3.952533840704478	nan	52.647569999999995	0.4584281
3.0	24.0	23.53680000000253	3.168	30.0	52.0	34.96799999999098	4.212	157.7390958328551	-21.46654646884004	0.0098999368556527	nan	0.00035344044000000003	nan	3.5790291715328966	nan	39.67677	1.9283152
3.0	24.0	24.573600000002074	6.516000000000001	29.0	49.0	41.19599999999565	3.6	158.41301191791348	-22.30788172449804	0.0018167273804979998	nan	0.00029713276	nan	16.31904213937541	nan	72.161835	2.736049
3.0	24.0	25.363200000002024	0.396	30.0	52.0	23.124000000004514	0.36000000000000004	157.74684517442367	-21.465331709220692	0.0148741611799037	nan	0.0004472434	nan	3.00474722909932	nan	42.201865999999995	1.5336493
3.0	24.0	33.972000000003106	0.5399999999999999	31.0	41.0	0.0959999999886918	0.504	157.2600661128713	-20.793530050664828	0.0155532111327884	nan	0.0012364038000000001	nan	7.948700797191456	nan	27.209064	0.5804331
3.0	24.0	39.33600000000169	0.7200000000000001	31.0	42.0	3.707999999997753	0.7200000000000001	157.26534211960316	-20.768043748701075	0.0109012889930362	nan	0.0005982191700000001	nan	5.485222340100247	nan	29.675201	1.2092668
3.0	24.0	40.48320000000217	0.828	31.0	28.0	44.68799999999902	0.828	157.4090777729339	-20.944784302250408	0.0098244658942206	nan	0.00051313674	nan	5.220151507624594	nan	45.368946	1.3684016
3.0	24.0	40.57200000000179	1.656	30.0	6.0	34.487999999991246	1.6199999999999999	158.282154963206	-22.047350453579732	0.0021654955077957	nan	0.00032267647	nan	14.88439253477654	nan	37.604088	1.9269009
3.0	24.0	41.93280000000314	1.6920000000000002	28.0	44.0	32.49599999999248	1.908	159.1714818685764	-23.140597625815214	0.0029756257285185	nan	0.0004660931	nan	15.653149701793485	nan	35.52494	1.507241
3.0	24.0	46.21920000000287	0.9	29.0	59.0	19.21200000000937	0.756	158.37752786787485	-22.132347156846237	0.0053380292386167	nan	0.0013779217999999999	nan	25.811414251778263	nan	36.406006	0.49228459999999996
3.0	24.0	46.49520000000308	4.968000000000001	30.0	49.0	43.607999999993865	4.248	157.84048447160717	-21.456232184154572	0.010035792388444001	nan	0.00034065812000000004	nan	3.390239157494048	nan	51.536552	2.0400044999999998
3.0	24.0	48.30480000000193	0.396	30.0	49.0	41.66400000000351	0.396	157.84642933608905	-21.45282643139417	0.0145608355112948	nan	0.0005462419	nan	3.7509203500623634	nan	52.368637	1.277525
3.0	24.0	55.029600000001864	0.10799999999999998	28.0	42.0	16.919999999996378	0.10799999999999998	159.23768988573937	-23.14198019111478	0.0568883302214831	nan	0.0032385283	nan	5.692689058997086	nan	-41.470215	0.22047675
3.0	24.0	58.171200000001235	6.228	29.0	22.0	9.731999999999914	9.684	158.81502153519446	-22.603222584482673	0.0004212547861057	nan	0.00021264147999999996	nan	49.91635748840343	nan	68.53305999999999	3.7138765
3.0	24.0	59.74800000000272	0.21599999999999997	28.0	45.0	12.132000000001142	0.21599999999999997	159.22088014568178	-23.092715875079794	0.0283209584489265	nan	0.0003026361	nan	1.0668491475991624	nan	43.315563	2.3454485000000003
3.0	25.0	1.408800000002941	1.0799999999999998	32.0	10.0	35.65199999999322	0.9	157.03314088792078	-20.337976387765785	0.0048712082729758	nan	0.00041184915	nan	8.461192228331994	nan	19.691303	1.6841162
3.0	25.0	10.123200000002797	0.036000000000000004	31.0	28.0	36.335999999995465	0.036000000000000004	157.50146753457375	-20.88436242771317	0.2304931820555395	nan	0.027068967000000003	nan	11.743908135575195	nan	28.370295000000002	0.026800664
3.0	25.0	11.683200000001932	3.708	28.0	44.0	3.264000000012004	3.024	159.27125940072975	-23.0817927985883	0.0017637430950415	nan	0.00034688599999999997	nan	19.64233308776024	nan	11.125509	2.0810559
3.0	25.0	12.076800000002379	2.52	28.0	59.0	13.344000000014091	2.016	159.10747712277472	-22.878878960015193	0.0023393807729974	nan	0.00022235535	nan	9.479963892880294	nan	43.826855	2.9718240000000002
3.0	25.0	15.062400000001048	6.012	29.0	5.0	31.05599999998816	5.111999999999999	159.04855913021615	-22.788447167882563	0.0005583408995488	nan	0.00019519183999999997	nan	34.93984457675822	nan	62.327132999999996	2.7666042
3.0	25.0	16.574400000002854	3.564	29.0	49.0	53.399999999994066	3.9600000000000004	158.57380281086694	-22.19301365994003	0.0017502659558748	nan	0.00034145167000000003	nan	20.50158624900312	nan	46.179394	2.9739459999999998
3.0	25.0	17.481600000001762	0.612	31.0	17.0	11.867999999995789	0.5399999999999999	157.6446908167131	-21.02200278356565	0.0113475751564157	nan	0.00035842814	nan	3.15518622588845	nan	27.203108	1.9176736
3.0	25.0	35.29440000000079	0.612	29.0	1.0	34.75200000000683	0.612	159.15523270353407	-22.79663592304973	0.0081299160681817	nan	0.00108779	nan	13.378476651092551	nan	24.602392000000002	0.63623834
3.0	25.0	42.290400000001966	0.36000000000000004	30.0	6.0	22.247999999994192	0.324	158.476866585058	-21.91734423675239	0.0144385879972458	nan	0.0006924853	nan	4.794578415018254	nan	28.290134000000002	1.0230142
3.0	25.0	42.38400000000226	1.224	29.0	9.0	59.2559999999898	1.26	159.0862160325317	-22.669146698022477	0.0046128122390697	nan	0.00047792098	nan	10.531867468904435	nan	22.081966	1.5264218
3.0	25.0	44.16960000000394	1.1520000000000001	31.0	58.0	51.095999999986645	1.0799999999999998	157.28641195884344	-20.406684679418778	0.0051167839904292	nan	0.00028368706	nan	5.532413437361359	nan	16.710455	2.68187
3.0	25.0	50.827200000002364	0.9360000000000002	29.0	8.0	45.49200000000695	0.9360000000000002	159.12617043580593	-22.66703481683879	0.0065418406993056	nan	0.0009634517999999999	nan	14.725112583837532	nan	14.550175	0.74498224
3.0	25.0	59.07360000000395	1.332	31.0	29.0	7.007999999998162	1.8	157.6458797294544	-20.774318476713773	0.0049606144334815	nan	0.00039358367	nan	7.926638961703168	nan	23.760372	1.7891058000000002
3.0	26.0	0.5496000000026413	0.5399999999999999	28.0	45.0	18.46799999999149	0.504	159.41239015609716	-22.957561197864308	0.0114610423332461	nan	0.00027737446	nan	2.4281589541062134	nan	25.997507000000002	2.527556
3.0	26.0	4.382400000002704	0.5399999999999999	32.0	10.0	13.368000000005509	0.5399999999999999	157.2280371133655	-20.211714210352753	0.0091940027903698	nan	0.0005042957	nan	5.497529922086687	nan	68.29209	1.5218247999999999
3.0	26.0	5.637600000002294	1.332	28.0	58.0	6.275999999995179	1.1520000000000001	159.28881161034073	-22.776267192772597	0.0041021173021641	nan	0.00030528806	nan	7.429769954509302	nan	27.497583000000002	2.3730621
3.0	26.0	7.857600000003941	0.828	30.0	10.0	29.2440000000056	0.8639999999999999	158.51214062067643	-21.807239942818676	0.0065023250602777	nan	0.0005694849	nan	8.881546947758856	nan	24.150707	1.2524246
3.0	26.0	17.860800000003394	5.4	31.0	27.0	23.83200000000329	2.7720000000000002	157.72151079513893	-20.757644918877627	0.0238392843158439	nan	0.0006844058	nan	2.869978507599852	nan	32.20207	1.0470768
3.0	26.0	19.300800000003235	0.252	31.0	27.0	17.675999999993337	0.21599999999999997	157.72699738171352	-20.755971907011535	0.0299317978607908	nan	0.0009101751	nan	3.0402690546579194	nan	33.87937	0.7868045
3.0	26.0	20.188800000002658	4.14	29.0	5.0	3.552000000006217	3.0599999999999996	159.25886049697664	-22.65183904825137	0.0020025229472048	nan	0.0003591514	nan	17.914348806960522	nan	34.07297	1.9670372
3.0	26.0	21.208800000001347	7.523999999999999	29.0	4.0	57.57599999998945	5.148000000000001	159.26315530066577	-22.650922090225666	0.0018607049915126	nan	0.00026218522999999996	nan	14.062394331597107	nan	37.52665	2.5987318
3.0	26.0	22.636800000002708	0.9	29.0	21.0	47.95200000000591	1.1520000000000001	159.08444307665673	-22.423873705673458	0.005950304032204001	nan	0.00052812893	nan	8.870667460127732	nan	34.20536	1.3774347
3.0	26.0	31.567200000002487	2.1599999999999997	28.0	46.0	28.740000000004216	2.052	159.49759138310526	-22.87355256155063	0.0025122727871542	nan	0.00034568053999999997	nan	13.73827871700835	nan	30.23385	2.2898476000000003
3.0	27.0	7.504800000002376	1.476	29.0	48.0	55.25999999999527	2.808	158.93032912168124	-21.965182226539916	0.0046582212058188	nan	0.0005114126	nan	10.978571205356907	nan	15.281948000000002	1.536551
3.0	27.0	10.864800000003711	0.07200000000000001	29.0	1.0	21.395999999988078	0.07200000000000001	159.45856114745288	-22.58940901587875	0.0768892204987854	nan	0.004295703	nan	5.5868255570392815	nan	20.549303	0.1668932
3.0	27.0	12.962400000002745	0.4680000000000001	29.0	42.0	23.364000000008218	0.43199999999999994	159.01813504543193	-22.04009878447124	0.0172475081115502	nan	0.00027473335	nan	1.5896921797044796	nan	41.139507	2.6001506
3.0	27.0	16.087200000001474	0.21599999999999997	29.0	54.0	26.96400000001006	0.28800000000000003	158.89711373215724	-21.872975852175273	0.0312633764281523	nan	0.00092490035	nan	2.95788716861398	nan	26.5859	0.77248985
3.0	27.0	20.30640000000119	6.552	31.0	48.0	13.572000000000344	5.292	157.69044291570728	-20.34685782812258	0.0053736735131937	nan	0.0004991558	nan	9.283623506905423	nan	35.610188	1.3858976
3.0	27.0	20.436000000001826	5.796	31.0	48.0	30.527999999997917	7.776	157.6878364244462	-20.342805409501374	0.0061027299717788	nan	0.00066743675	nan	10.933167913890452	nan	37.34995	1.0409883
3.0	27.0	21.926400000000825	0.972	31.0	48.0	15.264000000013027	0.828	157.69505154758022	-20.343055659393144	0.0068871902878672	nan	0.00041277915999999996	nan	6.0781464536789205	nan	33.099133	1.7370801
3.0	27.0	22.852800000002418	0.5760000000000001	31.0	10.0	4.54799999999409	0.504	158.10445702620137	-20.8510255115461	0.0115121159027277	nan	0.00025422617999999996	nan	2.250895651623645	nan	51.124153	2.8528917000000003
3.0	27.0	29.745600000003236	0.504	30.0	14.0	49.380000000005566	0.4680000000000001	158.71910958942055	-21.572341033145342	0.0133433444152387	nan	0.0016977842000000002	nan	12.723142145754798	nan	34.380287	0.42427173
3.0	27.0	39.51600000000212	0.10799999999999998	31.0	24.0	9.288000000001375	0.10799999999999998	158.00491903297225	-20.627607052816558	0.0660850679471071	nan	0.0018906612	nan	2.8608081738796867	nan	29.342117	0.40980527
3.0	27.0	42.19680000000274	0.324	30.0	11.0	40.7759999999962	0.324	158.79153622716643	-21.587117147400534	0.0396775432172139	nan	0.002082591	nan	5.248589939378887	nan	32.506440000000005	0.35178503
3.0	27.0	44.22000000000267	0.5760000000000001	30.0	56.0	58.27199999999891	0.5760000000000001	158.31006210280154	-20.979996500413684	0.0132782238714572	nan	0.0005423705	nan	4.1241257955116	nan	50.748184	1.5402303999999998
3.0	27.0	45.49920000000242	0.14400000000000002	29.0	3.0	57.707999999992126	0.14400000000000002	159.53865303130272	-22.478370342337712	0.0608441471565745	nan	0.0011557671	nan	1.899336402960046	nan	7.392180000000001	0.61656773
3.0	28.0	3.607200000001143	0.8639999999999999	30.0	58.0	39.39599999999473	0.792	158.35124774993332	-20.915905001235473	0.0081443408908758	nan	0.00026187216000000003	nan	3.2076406213025153	nan	44.590008000000005	2.8490808
3.0	28.0	3.8568000000023517	3.816	29.0	20.0	43.259999999999366	4.68	159.41266606777566	-22.21588354599638	0.0024065902593254	nan	0.00030754297000000003	nan	12.758492626101331	nan	6.031395400000001	2.3368716
3.0	28.0	6.823200000003027	0.07200000000000001	29.0	26.0	38.90400000000312	0.07200000000000001	159.35716053057843	-22.130834148475206	0.1978510855764719	nan	0.0063008363	nan	3.184618566374634	nan	26.503753999999997	0.11504466
3.0	28.0	22.572000000002816	1.26	29.0	0.0	5.975999999991188	1.476	159.69702924946384	-22.447337628063053	0.0078075319514445	nan	0.0006122585	nan	7.838293402735755	nan	9.5767355	1.2445393
3.0	28.0	23.793600000004105	2.52	29.0	0.0	18.684000000008893	2.232	159.69852297799716	-22.441826526262265	0.0068554332691143	nan	0.0005258173	nan	7.665562366553953	nan	4.446896	1.409529
3.0	28.0	25.140000000003653	2.232	30.0	42.0	48.707999999995195	2.1599999999999997	158.58752868285987	-21.0802577003115	0.0027917580093354	nan	0.00040007354	nan	14.314063779509615	nan	44.256733000000004	1.9667773999999998
3.0	28.0	26.71200000000276	2.808	29.0	1.0	5.304000000008955	3.312	159.69911265622733	-22.42507865781319	0.0036783870243291	nan	0.0002910985	nan	7.8998835420593245	nan	5.0181336	2.4309118
3.0	28.0	27.523200000002532	1.512	30.0	53.0	30.479999999999734	1.584	158.4796294336264	-20.932925479626746	0.004222796493549	nan	0.00026851150000000004	nan	6.34511206852009	nan	58.283092	2.6672022
3.0	28.0	29.071200000003188	0.252	28.0	58.0	53.43599999998759	0.252	159.7306350590346	-22.448885357761796	0.0285699401956161	nan	0.00051394943	nan	1.8045827175830764	nan	37.412426	1.453107
3.0	28.0	30.300000000002285	6.012	30.0	50.0	45.240000000001146	3.708	158.51775298835008	-20.963549159974	0.0211741224563531	nan	0.0024845966	nan	11.733682450298733	nan	51.359004999999996	0.28631422
3.0	28.0	31.56720000000206	3.168	30.0	50.0	45.132000000005235	1.8359999999999996	158.5216439902863	-20.96083842616326	0.0266187940847255	nan	0.0029278826	nan	10.998997945005991	nan	51.18486	0.24236684
3.0	28.0	33.309600000002604	0.28800000000000003	30.0	50.0	39.48000000000178	0.504	158.5279814103478	-20.95832986180769	0.0266422488472595	nan	0.0024071322	nan	9.034682509243368	nan	51.317165	0.29495022
3.0	28.0	36.06720000000266	0.07200000000000001	29.0	21.0	55.944000000010305	0.07200000000000001	159.49973139696434	-22.12876019531581	0.271421354068287	nan	0.021258383999999998	nan	7.832236300848399	nan	29.214005	0.03388425
3.0	28.0	38.10960000000357	0.18000000000000002	30.0	50.0	9.59999999999468	0.28800000000000003	158.54800750295522	-20.95458483911924	0.0611022030504394	nan	0.011407509	nan	18.669361553811008	nan	51.189194	0.062151324
3.0	28.0	40.363200000002024	0.07200000000000001	30.0	49.0	54.19200000000245	0.07200000000000001	158.5576572946922	-20.953129724457373	0.0970036911096106	nan	0.018416977	nan	18.98573573987355	nan	50.811924	0.038319427999999996
3.0	28.0	43.09920000000247	0.18000000000000002	31.0	39.0	12.527999999993824	0.18000000000000002	158.0369699852095	-20.291386089720856	0.0307558532653823	nan	0.00031294164	nan	1.0984172444159872	nan	81.77724	2.3813837
3.0	28.0	52.23840000000095	1.8	29.0	30.0	33.33599999999137	2.1599999999999997	159.45561207532788	-21.97900444961329	0.0076145771615616	nan	0.00025086696	nan	3.2870891928145642	nan	14.833607	2.765027
3.0	28.0	55.36800000000184	2.412	29.0	31.0	43.42799999999812	2.052	159.45254149296466	-21.956649735048007	0.0061404914203924	nan	0.00075507007	nan	12.293749657213711	nan	18.711405	0.8772673000000001
3.0	29.0	10.641600000004061	0.7200000000000001	31.0	31.0	53.939999999996644	0.612	158.1984067564191	-20.32980764181677	0.007769244104250999	nan	0.00060849224	nan	7.828749605357139	nan	42.925426	1.1748345
3.0	29.0	11.736000000003557	3.564	31.0	0.0	3.672000000001674	3.1319999999999997	158.54383312611628	-20.75046611413278	0.0016283801167903	nan	0.00017100506	nan	10.403461001156405	nan	53.184303	3.93981
3.0	29.0	20.308800000002805	1.476	31.0	6.0	44.49599999999606	1.548	158.4979266706437	-20.64328042007676	0.0037987227439304	nan	0.0004973243299999999	nan	13.082944825954767	nan	45.128727000000005	1.5170709999999998
3.0	29.0	30.871200000001977	2.1959999999999997	31.0	22.0	8.580000000005157	3.312	158.36425533890477	-20.41604672728203	0.0020782427247305	nan	0.00018312529	nan	9.543488246329806	nan	72.88199	3.9685687999999995
3.0	29.0	41.78160000000183	1.476	31.0	33.0	46.00800000000021	1.404	158.27237143027335	-20.238251966629345	0.0031031117074737	nan	0.00019998259999999998	nan	6.422365428625102	nan	50.703590000000005	3.4066598
3.0	29.0	59.10480000000106	11.772000000000002	30.0	36.0	22.320000000004256	4.3919999999999995	158.9442591793005	-20.96166401835709	0.0031181962203892	nan	0.00029453203999999997	nan	9.429838322549859	nan	33.409813	2.3632126
3.0	29.0	59.94960000000404	1.8	30.0	36.0	37.79999999999376	1.908	158.94403532219212	-20.956408119036322	0.0043787392640245	nan	0.0003844864	nan	8.77196125818649	nan	35.0655	1.8375039
3.0	30.0	3.6624000000020374	5.688	30.0	32.0	55.96800000000172	7.02	158.99549405898614	-20.997221895598926	0.0037303420748347	nan	0.00022588766	nan	6.037711530239357	nan	21.14425	3.1336575
3.0	30.0	3.830400000002925	8.316	30.0	33.0	16.991999999998768	6.731999999999999	158.99220107258975	-20.99222017582362	0.0027386577968513	nan	0.00019294077000000002	nan	7.017250871792094	nan	18.369112	3.6427302000000004
3.0	30.0	4.869600000002805	4.896	31.0	11.0	46.75200000000018	5.5440000000000005	158.57868968913573	-20.480253144529165	0.0004144390478388	nan	0.0004326628	nan	98.87630965877348	nan	18.961976999999997	3.6595461000000005
3.0	30.0	5.164800000001009	5.652	30.0	33.0	5.18400000001094	3.2399999999999998	158.99840855612848	-20.991910331648782	0.0183039223515719	nan	0.00071783445	nan	3.924400526865184	nan	30.616493	0.9859810999999999
3.0	30.0	5.716800000001427	0.9360000000000002	30.0	36.0	14.112000000008038	0.828	158.96590079557453	-20.94905395101524	0.0086507930770873	nan	0.00033797129999999995	nan	3.901698052730188	nan	33.415092	2.0942867
3.0	30.0	7.94160000000204	1.404	30.0	32.0	52.90799999998967	1.512	159.00909998180578	-20.9885534187445	0.1204440943897751	nan	0.0041775545	nan	3.470950301095216	nan	34.6484	0.17040344
3.0	30.0	9.105600000001886	0.07200000000000001	30.0	32.0	49.739999999994495	0.07200000000000001	159.01322338170627	-20.986709721458723	0.1362244665001441	nan	0.0047030067	nan	3.4548793051233466	nan	34.9246	0.15143664
3.0	30.0	9.66240000000127	2.376	31.0	24.0	33.840000000005546	2.376	158.45538116922526	-20.3004337144855	0.0020572424199125	nan	0.00039831459999999997	nan	19.338679196403557	nan	2.6460364	1.9854977999999999
3.0	30.0	18.333600000002974	3.9600000000000004	30.0	55.0	34.5359999999971	4.896	158.79459430696454	-20.6656800217793	0.0008733479425211	nan	0.00014639164	nan	16.666261301227134	nan	-0.73266274	4.358555
3.0	30.0	19.228800000000206	1.224	31.0	46.0	21.539999999995416	1.296	158.24986017970784	-19.99079708283498	0.0046748573505849	nan	0.00030561027	nan	6.526530204830111	nan	6.861953	2.3480859
3.0	30.0	24.588000000001102	0.972	31.0	47.0	16.0800000000026	0.828	158.25617984139387	-19.967247785682225	0.0058847271565781	nan	0.0008288255	nan	14.081142029195654	nan	14.912435	0.87641144
3.0	30.0	36.91200000000201	1.4400000000000002	31.0	52.0	25.212000000002206	1.296	158.2378012575459	-19.872493110046637	0.0035909350355781	nan	0.00023969276	nan	6.656054734160107	nan	-2.0923561999999998	3.0799553
3.0	30.0	38.77680000000197	4.356	31.0	30.0	45.90000000000174	4.032	158.47628113260083	-20.15550587794957	0.0007816145856746	nan	0.00023733874	nan	29.522703563095398	nan	16.324728	2.888616
3.0	30.0	40.97520000000401	6.263999999999999	30.0	11.0	30.73200000000554	4.464	159.34278136209696	-21.1983874938103	0.0017827740692393	nan	0.00020806985	nan	11.619487996507551	nan	29.723274	3.859053
3.0	30.0	57.67920000000473	6.803999999999999	31.0	34.0	4.835999999990861	3.1319999999999997	158.49734415990415	-20.07084046297188	0.0011318754174901	nan	0.00017787589	nan	15.791692139157849	nan	33.8143	3.9287004
3.0	31.0	0.11280000000127188	0.9	31.0	22.0	5.267999999989854	0.9	158.63408879552642	-20.22428805554567	0.0047731878152902	nan	0.00021719654999999998	nan	4.53281089206636	nan	23.443678	3.5978567999999997
3.0	31.0	10.759200000004085	1.908	31.0	39.0	5.472000000005153	1.8720000000000003	158.48256042870014	-19.9763139187374	0.0029193693169476	nan	0.00023495425	nan	8.023130514814339	nan	9.39862	3.233206
3.0	31.0	11.323200000002984	0.5760000000000001	32.0	3.0	30.311999999993304	0.504	158.22159768610433	-19.651821791196937	0.0102551208632164	nan	0.00043600910000000004	nan	4.721084662283529	nan	24.229614	2.0291417000000003
3.0	31.0	13.22880000000076	0.252	31.0	55.0	17.039999999994393	0.21599999999999997	158.31561467539842	-19.75663342885339	0.0235735373663359	nan	0.001159399	nan	4.917582624910188	nan	48.17495	0.62138414
3.0	31.0	17.9400000000021	1.1520000000000001	30.0	47.0	31.487999999994827	1.116	159.06263063477627	-20.64215999653489	0.0726040403920616	nan	0.00067481614	nan	0.8989832892236845	nan	53.984215	1.0780324
3.0	31.0	19.094400000002096	0.07200000000000001	30.0	47.0	26.62799999999976	0.07200000000000001	159.0670076310199	-20.64070455378437	0.0830032150619277	nan	0.0007722787599999999	nan	0.9007046035256572	nan	54.169678000000005	0.9420521999999999
3.0	31.0	22.26960000000318	0.972	31.0	3.0	26.099999999999284	0.9	158.9028348738647	-20.422703463052354	0.0043609567750492	nan	0.000322898	nan	7.392312095077347	nan	27.631788	2.3246377000000003
3.0	31.0	33.31920000000309	0.504	31.0	51.0	10.655999999985397	0.504	158.41978855544895	-19.767790450660993	0.0114744176412922	nan	0.00028555240000000003	nan	2.4837809365000045	nan	53.922523	2.5482283
3.0	31.0	38.31120000000382	1.512	31.0	54.0	26.244000000011738	1.332	158.3995704755789	-19.713924186393452	0.0038375091692808	nan	0.0004405386	nan	11.469427247914956	nan	42.547523	1.7311772
3.0	31.0	39.206400000001054	7.3439999999999985	30.0	40.0	33.49199999999826	3.888	159.20292501648166	-20.687451263987416	0.0088948321160251	nan	0.0006566320699999999	nan	7.379578828737979	nan	30.350515	1.0882623
3.0	31.0	39.44400000000229	7.596000000000001	30.0	40.0	18.80400000000435	5.436	159.2063146461127	-20.690156058148236	0.0085317004633446	nan	0.00066226674	nan	7.759678868942464	nan	31.606945	1.0716676
3.0	31.0	40.47120000000369	0.5399999999999999	30.0	40.0	31.620000000005177	0.4680000000000001	159.20709614069636	-20.68508751690178	0.0107122951766672	nan	0.00076288753	nan	7.1197216578012466	nan	30.563246000000003	0.94337994
3.0	31.0	54.25920000000289	0.036000000000000004	31.0	4.0	41.30400000000435	0.036000000000000004	158.985645710009	-20.336417228790047	0.1528187660085657	nan	0.00024608382999999996	nan	0.1746814170144263	nan	0.9342431000000001	2.9177618
3.0	32.0	7.910400000002369	1.3679999999999999	30.0	26.0	5.027999999993824	1.4400000000000002	159.4481166802066	-20.814857074304324	0.0037551994790553	nan	0.00016956262999999998	nan	4.529535652791717	nan	45.94278	4.122267
3.0	32.0	10.795200000002296	1.6920000000000002	30.0	39.0	43.99200000000491	1.7279999999999998	159.30753213811207	-20.62892895504568	0.002344697502582	nan	0.00023709399	nan	10.085618232720284	nan	47.395042	2.952233
3.0	32.0	15.93360000000473	3.528	31.0	45.0	27.64800000000207	3.42	158.60861274544737	-19.751386624371676	0.0358597263206142	nan	0.0006246706	nan	1.741262299729053	nan	52.043163	1.1607857
3.0	32.0	17.964000000002045	0.10799999999999998	31.0	45.0	21.492000000004907	0.14400000000000002	158.61577538577978	-19.74834943104205	0.0500965836362026	nan	0.0021906605	nan	4.372730870007201	nan	50.211605	0.33157548
3.0	32.0	25.23600000000343	0.14400000000000002	31.0	5.0	12.335999999993419	0.14400000000000002	159.07320515611707	-20.261924303271233	0.0290317487886868	nan	0.0017370535	nan	5.996017837156249	nan	48.734623	0.41696116
3.0	32.0	35.935200000004244	6.192	31.0	50.0	16.080000000005157	7.056	158.6162079542103	-19.644685070907347	0.0019394978061179	nan	0.00017581811999999998	nan	9.48862685491644	nan	74.38410999999999	4.1611996
3.0	32.0	40.089600000003	0.5760000000000001	31.0	51.0	43.560000000005914	0.36000000000000004	158.6127972081715	-19.6164650756334	0.0183559372118415	nan	0.0036021717999999998	nan	19.623625926489847	nan	64.12156999999999	0.20203263
3.0	32.0	40.20240000000257	1.584	31.0	51.0	10.835999999991373	0.43199999999999994	158.6190310307819	-19.62341549706785	0.0117456594663722	nan	0.0027611328	nan	23.507199411416106	nan	64.93348	0.26323026
3.0	32.0	40.308000000001556	1.044	31.0	50.0	1.6079999999902839	0.9	158.63182504636643	-19.638406192124464	0.0100855294590025	nan	0.00023662316000000003	nan	2.3393313377483507	nan	56.740480000000005	3.1260312000000003
3.0	32.0	41.98320000000379	0.07200000000000001	30.0	20.0	8.304000000005374	0.10799999999999998	159.6166276677017	-20.817647456687755	0.1123294360026319	nan	0.0023006534	nan	2.0480754739545683	nan	34.854335999999996	0.30095518
3.0	32.0	43.08000000000192	8.568000000000001	31.0	50.0	57.048000000001764	8.676	158.63007361987925	-19.620220727887077	0.0033918688989551	nan	0.0006457408299999999	nan	19.03066194351072	nan	70.254776	1.1324768
3.0	32.0	45.5904000000028	3.708	31.0	24.0	47.08799999999002	1.8	158.9212438826294	-19.95963373293583	0.0031518476906565	nan	0.00018089106	nan	5.713636378420537	nan	47.369877	3.8665182999999996
3.0	32.0	53.76240000000209	0.36000000000000004	31.0	43.0	13.224000000013518	0.396	158.74555756302567	-19.698987480795	0.0157319791502457	nan	0.0016651897	nan	10.584022229152499	nan	47.983276000000004	0.42385936
3.0	33.0	0.8784000000021308	0.9	31.0	20.0	18.38400000000746	0.9	159.015653416373	-19.98523858253111	0.0053742380026053	nan	0.00021286144	nan	3.946936667480792	nan	15.148098999999998	3.4299779999999997
3.0	33.0	5.99760000000316	0.252	30.0	52.0	44.65200000000806	0.252	159.33172433532837	-20.33640937268841	0.0160593129112413	nan	0.0006464976999999999	nan	4.024269750417182	nan	44.637570000000004	1.0897276000000002
3.0	33.0	8.647200000002613	1.044	30.0	50.0	48.40799999999632	1.0799999999999998	159.36088641953506	-20.356026528860873	0.0046286897655163	nan	0.00023168097	nan	4.9898183552294	nan	66.94268000000001	3.2243432999999997
3.0	33.0	17.733600000003094	2.664	30.0	47.0	20.76000000000448	2.2680000000000002	159.4261037693564	-20.381445435996042	0.0016088209360729	nan	0.00015264076	nan	9.683039672597568	nan	39.423103000000005	4.3150487
3.0	33.0	23.481600000004192	0.5399999999999999	31.0	50.0	9.564000000008832	0.5760000000000001	158.7586515296222	-19.543090236667105	0.0092467058548341	nan	0.00028991964	nan	3.1296805300629558	nan	66.18866	2.4720726
3.0	33.0	30.513600000004004	0.648	30.0	6.0	21.77999999999912	0.612	159.9154048666779	-20.89035403028473	0.0097390354205423	nan	0.0006048469	nan	6.207976853589543	nan	37.9822	1.1632843000000002
3.0	33.0	30.68640000000258	0.43199999999999994	31.0	17.0	58.668000000001825	0.43199999999999994	159.13009109667652	-19.950667301531325	0.0126133868576886	nan	0.0006226179	nan	4.934094622266804	nan	22.006262	1.1694895
3.0	33.0	50.91840000000232	0.8639999999999999	30.0	23.0	2.435999999987075	0.828	159.79313200864837	-20.626566832072832	0.0071366360871832	nan	0.00019956040000000002	nan	2.7846212547130693	nan	32.582592	3.7406614
3.0	33.0	51.61200000000164	0.252	30.0	31.0	12.792000000006851	0.252	159.70521163922092	-20.51801345018877	0.0221187993749415	nan	0.00033530627999999997	nan	1.5208363357036117	nan	50.113859999999995	2.1557459999999997
3.0	33.0	53.53200000000314	1.3679999999999999	31.0	13.0	13.367999999995277	1.6199999999999999	159.25021815097432	-19.96300694096333	0.0040276987387832	nan	0.00021789603	nan	5.389901877888423	nan	36.290054	3.5273595
3.0	33.0	55.46640000000323	1.044	29.0	48.0	3.5640000000083205	0.972	160.1936551733041	-21.073876390417414	0.0048587261770979	nan	0.00033341267	nan	6.853778286036848	nan	21.398557999999998	2.0211868
3.0	33.0	57.508800000000946	1.8359999999999996	30.0	23.0	42.359999999997626	1.6920000000000002	159.8056737124795	-20.60319432675084	0.0034102808788798	nan	0.00028618504	nan	8.3771653402041	nan	36.429276	2.419212
3.0	34.0	1.8408000000023605	0.14400000000000002	31.0	18.0	39.852000000003045	0.14400000000000002	159.21554209088475	-19.873354857839157	0.0429318316065228	nan	0.0028752646999999996	nan	6.697074052437402	nan	31.290052000000003	0.25153154
3.0	34.0	5.3592000000034545	2.016	30.0	30.0	9.215999999996427	2.1959999999999997	159.75826805650794	-20.50134890843752	0.0034262671636293	nan	0.00043152194	nan	12.584285625336342	nan	36.990555	1.6442108
3.0	34.0	11.02320000000347	0.792	30.0	23.0	8.735999999991577	0.9	159.85258839245182	-20.58043835802753	0.0070079936061444	nan	0.00024033831000000002	nan	3.4200196283742934	nan	19.0372	3.0472047000000004
3.0	34.0	11.774400000001464	0.324	31.0	0.0	24.69599999998593	0.28800000000000003	159.44496515279837	-20.090863285902078	0.0189813638549254	nan	0.0008202016499999999	nan	4.320095872772376	nan	29.162504	0.8728564
3.0	34.0	15.820800000002606	1.296	30.0	44.0	50.10000000000389	1.4400000000000002	159.62811338081434	-20.28594918887056	0.0039444895223204	nan	0.00032013573	nan	8.103802629939418	nan	72.11828	2.2426597999999998
3.0	34.0	17.04960000000341	0.036000000000000004	31.0	12.0	10.547999999994602	0.036000000000000004	159.33183660816562	-19.925038669356294	0.1481271416032819	nan	0.0075519969999999995	nan	5.098222914262582	nan	28.040113	0.09712051
3.0	34.0	18.667200000003987	0.9	30.0	51.0	16.992000000001326	0.612	159.56577402489987	-20.195215927812274	0.0133338766957607	nan	0.0011260516	nan	8.443953527138518	nan	22.634365	0.62179
3.0	34.0	19.25760000000338	0.396	30.0	51.0	2.627999999995154	0.43199999999999994	159.57017202016456	-20.19704435334125	0.0140355300972801	nan	0.0013204479	nan	9.406963793042475	nan	22.880836	0.5357390999999999
3.0	34.0	40.545600000002366	1.944	30.0	36.0	54.93599999999731	2.1599999999999997	159.78946703629057	-20.334661645872224	0.0027744416342617	nan	0.00015874513	nan	6.088538486775295	nan	55.568714	4.601957
3.0	34.0	48.74400000000193	0.36000000000000004	31.0	6.0	52.70400000000507	0.36000000000000004	159.48437538260947	-19.924559374911578	0.0159254596266238	nan	0.0006105550599999999	nan	3.8322423557245098	nan	45.471835999999996	1.1811626
3.0	34.0	57.057600000003106	0.18000000000000002	30.0	49.0	25.355999999994197	0.21599999999999997	159.7010940237098	-20.13447654401369	0.0368715618601013	nan	0.0016188002	nan	4.390068660024683	nan	52.903445999999995	0.43273953
3.0	35.0	5.306400000002043	0.07200000000000001	30.0	47.0	6.827999999994745	0.07200000000000001	159.75118615267127	-20.146328552285578	0.0859838499401448	nan	0.0013331614000000002	nan	1.5505550878962655	nan	29.932302000000004	0.5293465
3.0	35.0	6.876000000002307	0.10799999999999998	30.0	47.0	5.8920000000046	0.252	159.75604943757403	-20.14304397343381	0.0730778459248724	nan	0.0010330504	nan	1.4133748125949552	nan	26.94453	0.68316734
3.0	35.0	8.707200000004178	0.612	29.0	52.0	41.41200000000282	0.612	160.36407926673647	-20.848706807943135	0.0094785180990585	nan	0.00073034316	nan	7.703172840084893	nan	30.624696999999998	0.9479280999999999
3.0	35.0	8.96640000000204	0.10799999999999998	30.0	1.0	5.052000000005705	0.10799999999999998	160.27153345117193	-20.738763368311925	0.0600687665788892	nan	0.0017746945	nan	2.9542810029984845	nan	28.930996	0.39750776
3.0	35.0	12.13680000000096	0.28800000000000003	30.0	47.0	5.02799999999894	0.28800000000000003	159.77192899674102	-20.131537267508314	0.0274554725012237	nan	0.0012385263	nan	4.510574862216809	nan	45.880866999999995	0.5722316
3.0	35.0	27.631200000005265	0.828	30.0	23.0	55.9320000000082	0.9	160.07418778215197	-20.39907571178748	0.0075997843560656	nan	0.00074796384	nan	10.031505507029726	nan	45.85872	0.95408154
3.0	35.0	30.384000000002942	0.07200000000000001	30.0	32.0	24.14400000000427	0.07200000000000001	159.98865956332145	-20.28247599608031	0.0930126534760437	nan	0.011613493	nan	12.485781248022494	nan	28.713114	0.06016684
3.0	35.0	30.367200000004004	0.252	30.0	46.0	41.95200000000284	0.252	159.83061478446544	-20.095997137868427	0.027088872865543998	nan	0.0034156	nan	12.608542940958348	nan	47.12593	0.20791309
3.0	35.0	30.44400000000195	0.252	30.0	37.0	28.73999999999654	0.252	159.93269390684975	-20.21612886198297	0.0269443965645294	nan	0.0026696967	nan	9.907882616414051	nan	28.643459999999997	0.26122707
3.0	35.0	33.14880000000102	2.7720000000000002	31.0	34.0	30.864000000003102	3.888	159.3131347772155	-19.46507208864355	0.0120253896707434	nan	0.00051767996	nan	4.3017509949002735	nan	55.361644999999996	1.5679618999999998
3.0	35.0	33.74160000000373	0.7200000000000001	31.0	34.0	16.64400000000427	0.8639999999999999	159.3174826023663	-19.466868361376214	0.0127451332080677	nan	0.0005933511	nan	4.652852060616378	nan	53.307193999999996	1.3736275
3.0	35.0	42.88800000000151	0.324	30.0	19.0	12.612000000003434	0.36000000000000004	160.17230266047505	-20.426407486876528	0.0187256567686518	nan	0.00038671235	nan	2.0707743991667034	nan	35.73296	1.8266584
3.0	36.0	48.19680000000005	0.7200000000000001	29.0	58.0	38.74799999999368	0.756	160.5972103720785	-20.54644603111186	0.0083851266081073	nan	0.00066979666	nan	7.985185134634523	nan	28.247377	1.0582969
3.0	37.0	15.94800000000376	0.648	31.0	14.0	57.65999999999906	1.476	159.83176885793603	-19.492658022588813	0.0142347607604064	nan	0.0011770084	nan	8.267643981058976	nan	79.384865	0.60637075
3.0	37.0	21.981600000003	8.244	30.0	0.0	44.42400000000646	6.444	160.6750260191269	-20.442670396232245	0.03875813007142501	nan	0.0020083173	nan	5.181422883855637	nan	23.87312	0.35797223
3.0	37.0	23.54640000000302	0.14400000000000002	30.0	0.0	49.13999999999419	0.21599999999999997	160.67882955607254	-20.438100047508843	0.0439702294771938	nan	0.0026828502	nan	6.1013867234356605	nan	24.921059	0.26710194
3.0	37.0	30.319200000003264	0.28800000000000003	29.0	40.0	4.2959999999908405	0.252	160.93177188370788	-20.69124919474532	0.0247624624532684	nan	0.0015346933999999999	nan	6.197021544472535	nan	26.87598	0.5567861
3.0	37.0	49.84080000000091	0.14400000000000002	31.0	15.0	14.975999999995793	0.14400000000000002	159.92844722687173	-19.413358372466526	0.0719649414988956	nan	0.0022221592	nan	3.08770109847772	nan	92.02243	0.31316698
3.0	37.0	51.86880000000173	0.07200000000000001	30.0	56.0	1.1400000000003274	0.036000000000000004	160.14766771198896	-19.65850198495499	0.1949019409626346	nan	0.016244961000000002	nan	8.334934868158445	nan	55.16720600000001	0.043544415
3.0	38.0	0.3000000000018588	0.10799999999999998	31.0	6.0	10.512000000003638	0.10799999999999998	160.05981782320956	-19.507809757995076	0.1178654366834879	nan	0.0012327597	nan	1.0457926686499288	nan	63.25374	0.5669225999999999
3.0	38.0	27.26400000000254	7.488000000000001	30.0	53.0	3.660000000004686	5.976000000000001	160.28507236151228	-19.617342312188253	0.0109765752348318	nan	0.00049806497	nan	4.534914745230434	nan	61.899967000000004	1.3779473999999998
3.0	39.0	41.71920000000398	0.504	30.0	50.0	53.3759999999873	0.504	160.52855680580075	-19.477439214844875	0.0153452534405105	nan	0.0005193077400000001	nan	3.3820943151663374	nan	68.98555	1.4296658000000002
